40696
2312
6 22 8 35
6 20 62 30
3 32 87 22
5 26 53 17
4 23 52 95
6 20 73 2
7 19 46 48
3 19 50 30
5 19 32 90
6 19 17 78
7 18 36 31
6 18 49 61
4 17 51 40
5 17 37 50
6 18 70 48
7 17 28 7
4 17 66 9
3 17 75 29
5 17 74 77
4 17 82 18
2 16 51 8
6 16 37 69
2 16 45 19
6 16 87 69
1 16 38 60
5 16 15 66
6 16 73 61
3 15 25 76
4 15 14 1
8 16 35 2
7 15 41 38
3 15 90 40
4 15 38 50
6 15 48 15
3 15 52 48
4 14 50 48
2 14 85 93
5 14 34 72
3 14 95 84
2 14 16 96
4 14 34 93
2 14 98 54
2 13 59 68
5 23 72 71
4 14 71 75
7 13 4 48
3 14 31 49
4 12 66 56
2 13 37 8
5 12 88 74
2 12 53 52
4 16 56 56
6 12 58 66
3 12 35 89
4 12 18 48
3 12 18 59
4 14 79 57
7 12 66 50
3 12 58 18
7 12 69 39
7 11 80 64
8 11 77 7
7 12 85 6
3 11 56 74
6 11 65 74
7 11 36 3
4 11 28 57
8 11 25 11
6 11 25 82
6 14 68 85
7 11 74 25
5 11 77 46
5 18 82 44
3 11 14 30
3 13 50 33
5 10 76 37
3 10 60 51
7 10 58 1
5 10 42 76
7 10 86 78
4 10 75 83
2 10 19 81
4 12 62 81
5 10 18 9
6 10 14 48
6 10 84 88
6 10 10 41
5 11 39 41
5 10 9 6
7 14 71 4
2 10 7 54
3 14 6 55
3 14 69 56
6 11 64 54
2 10 9 87
7 10 11 19
5 13 65 19
5 10 6 46
7 10 4 5
4 10 40 74
4 10 23 33
5 9 64 89
5 11 72 91
2 9 85 92
3 9 47 61
5 10 39 87
6 9 74 61
3 9 82 67
3 9 55 76
6 9 41 1
2 9 27 75
6 9 26 71
5 9 23 54
2 9 55 52
7 9 27 51
5 9 12 35
6 11 21 39
6 9 71 34
5 9 8 40
3 9 15 45
6 9 6 84
2 9 5 96
6 9 57 94
4 9 61 33
6 9 58 62
5 16 56 59
3 8 45 93
5 9 55 93
3 13 71 93
6 8 51 24
4 9 5 94
6 9 70 25
3 8 35 15
6 8 35 64
2 11 37 62
4 8 33 33
6 8 27 49
4 8 25 46
4 8 13 90
3 8 10 1
5 8 10 47
4 8 45 33
6 11 75 34
5 8 43 36
6 8 62 74
6 8 70 78
4 8 6 74
5 10 21 73
7 8 9 68
6 8 5 65
3 9 26 66
6 8 78 25
5 8 5 97
4 8 26 61
6 8 4 4
4 8 4 44
5 8 2 23
5 9 51 27
5 7 68 88
6 9 70 90
4 10 68 87
5 8 53 73
5 8 50 50
6 8 51 51
3 8 73 99
4 8 72 100
3 7 59 55
7 7 52 22
2 7 52 96
4 7 65 15
7 7 49 96
4 9 50 97
6 7 61 11
4 7 47 29
4 7 45 14
4 7 41 30
2 11 42 27
4 7 38 52
4 9 46 16
3 7 58 17
3 7 46 55
5 11 48 52
4 7 35 31
4 7 35 99
5 7 68 100
4 8 72 97
3 9 60 98
3 7 44 19
3 7 34 97
7 7 59 51
6 7 31 2
5 7 24 48
4 7 14 10
3 8 47 5
5 8 64 10
4 7 59 95
4 7 8 72
3 9 26 71
4 8 38 72
7 7 16 49
8 7 23 51
7 7 9 44
7 7 56 75
8 7 2 47
3 7 61 16
6 8 59 15
7 7 3 18
4 7 31 17
5 6 66 89
3 6 76 25
6 6 53 51
4 6 51 36
6 6 45 80
3 6 53 80
7 6 43 80
5 12 57 80
5 7 44 78
6 6 67 84
3 6 77 66
5 6 40 44
5 6 70 57
5 6 36 75
3 7 36 74
4 6 34 55
6 6 34 71
7 6 33 20
3 6 68 81
4 6 28 37
2 8 29 37
5 6 31 16
6 7 30 33
3 6 41 26
2 6 32 26
4 6 53 14
4 8 81 13
5 6 28 93
5 8 38 96
5 6 27 70
4 6 24 72
6 6 44 73
8 6 43 74
6 6 45 76
6 6 24 90
7 6 47 93
7 6 22 14
4 6 15 59
5 6 11 96
6 9 41 98
5 7 42 94
3 6 42 93
4 6 18 12
3 6 53 11
4 6 13 29
4 6 44 97
5 6 67 35
5 6 8 37
3 6 6 29
2 7 61 28
5 6 4 62
6 6 10 3
2 6 53 2
4 6 73 23
6 6 65 63
6 6 65 32
7 6 65 30
5 5 70 71
4 5 72 57
3 5 64 23
5 5 63 66
4 7 69 64
6 5 61 49
3 5 60 6
4 5 60 29
6 6 59 27
5 5 65 83
3 6 68 83
4 5 70 45
6 5 68 28
5 5 60 35
4 5 59 57
4 5 59 83
4 5 60 86
7 5 58 43
2 8 65 44
4 5 75 85
2 5 56 63
7 8 56 62
6 5 53 98
3 5 65 46
2 5 50 77
4 5 46 60
2 7 48 59
8 5 46 42
5 7 47 40
4 5 60 37
5 5 42 46
4 5 42 56
4 5 41 72
5 5 45 96
4 6 48 98
7 5 59 98
2 5 46 94
2 5 40 92
6 6 50 94
4 6 51 94
2 5 42 90
4 6 64 89
6 5 41 80
4 5 43 81
3 5 38 98
3 5 37 58
5 5 36 73
3 5 37 69
5 6 63 70
6 6 65 66
6 5 32 29
7 5 35 4
7 9 58 8
8 5 32 69
4 6 32 66
7 5 30 86
1 5 51 81
4 9 63 82
5 5 54 28
3 5 27 18
3 5 27 42
4 8 65 41
7 7 40 42
5 9 63 41
6 6 33 42
2 6 63 41
3 5 53 44
5 5 28 29
4 6 49 31
3 5 27 51
4 5 23 29
2 6 64 31
4 5 30 88
6 5 35 31
6 5 32 92
3 5 49 92
3 5 62 89
4 5 22 44
4 6 44 41
6 6 59 43
3 6 60 40
4 5 27 41
6 7 50 43
6 8 33 42
6 5 44 40
2 5 56 85
4 5 24 42
7 7 43 42
2 5 23 78
5 5 26 43
5 5 22 29
3 5 22 63
2 5 22 63
6 5 38 77
5 5 21 67
7 5 43 64
3 8 47 65
5 5 20 45
4 5 19 64
3 6 20 64
5 7 50 60
6 5 21 61
4 5 21 68
2 5 19 92
8 5 19 16
7 7 55 16
5 5 18 5
6 6 27 6
5 6 50 5
8 6 42 4
7 7 68 5
4 5 23 91
8 5 32 41
5 5 59 17
8 5 61 17
7 5 60 18
3 5 62 17
5 5 18 95
6 7 32 95
2 5 15 6
5 5 18 77
5 5 25 7
6 7 62 7
4 6 42 77
7 5 38 78
4 5 24 78
6 5 18 68
6 6 57 69
4 5 63 68
5 8 63 67
3 6 63 72
6 5 36 70
2 5 27 75
3 5 15 55
3 6 17 53
4 5 54 52
3 5 33 53
3 5 28 56
2 5 26 54
6 6 39 54
4 5 40 55
5 6 56 60
1 5 15 93
2 5 15 92
6 5 47 91
3 5 17 91
3 5 35 89
6 5 58 71
5 5 13 42
4 5 13 89
7 6 62 88
6 5 14 68
4 5 26 67
4 5 32 69
7 5 41 93
2 5 33 66
3 6 31 67
2 5 12 57
3 5 12 91
5 6 12 92
3 6 27 92
1 6 33 94
3 5 13 87
4 5 28 88
5 5 55 9
4 5 11 20
5 5 12 78
3 5 22 81
2 5 10 73
1 7 12 72
5 5 27 73
6 5 9 91
4 5 8 16
7 6 7 13
3 5 44 13
5 6 53 12
6 6 69 12
5 8 68 13
4 5 47 18
4 5 56 20
6 5 62 89
5 5 46 95
4 5 64 20
3 5 8 73
6 5 6 20
2 5 44 17
8 5 12 19
4 5 6 38
5 5 26 38
4 5 10 38
2 5 64 13
3 8 65 13
5 7 11 37
3 6 18 39
7 7 27 38
5 6 20 41
7 5 6 61
3 5 6 87
4 5 26 13
3 6 38 16
7 5 48 19
5 7 50 18
5 5 32 86
3 5 58 14
3 5 3 77
5 6 24 76
3 8 30 76
5 6 35 76
2 5 5 71
6 5 19 75
7 5 5 76
3 6 35 77
4 5 3 26
5 5 33 73
3 5 6 92
2 5 15 91
1 5 11 92
4 5 33 39
5 5 35 43
4 5 41 39
4 4 67 50
5 4 64 3
4 4 64 33
7 4 68 35
6 4 74 34
3 4 63 33
4 4 63 50
3 4 63 58
3 4 71 22
7 4 58 32
5 4 57 22
2 7 71 23
3 4 61 53
6 4 57 99
5 4 56 51
5 4 56 81
4 4 63 13
6 4 55 49
4 4 55 66
5 4 54 66
7 4 53 11
5 4 70 23
4 4 48 89
6 4 47 10
7 4 61 8
4 4 52 11
5 7 60 10
3 4 53 56
4 4 48 13
7 5 47 12
6 4 47 3
7 4 46 84
6 4 44 81
2 4 44 91
4 4 43 4
4 4 44 66
4 4 43 35
4 4 55 13
5 4 43 39
2 4 54 39
3 4 43 60
8 4 49 62
1 4 42 55
6 4 44 54
4 4 41 67
5 4 69 87
6 4 56 2
6 4 36 24
3 6 55 22
3 4 37 34
5 5 48 33
2 4 54 33
5 6 54 32
2 5 44 35
1 5 46 33
6 4 35 47
5 4 69 36
2 4 38 50
2 5 43 49
8 4 35 93
5 4 34 16
1 4 33 23
1 5 63 23
3 4 33 39
2 4 35 24
7 4 48 36
2 4 32 28
7 4 54 26
5 4 30 10
6 5 57 11
2 4 47 8
7 5 57 10
7 4 51 33
8 4 30 20
5 4 30 3
3 4 32 60
6 4 38 1
7 4 28 73
1 5 39 74
2 4 28 76
6 4 54 20
3 4 27 19
6 5 47 16
4 4 36 17
3 5 36 16
5 4 43 17
2 5 41 16
4 6 27 16
7 4 30 18
8 4 34 15
6 4 27 53
5 4 28 93
4 4 30 94
3 4 27 79
4 6 28 79
2 4 26 46
4 4 44 45
4 4 38 46
3 6 45 47
5 4 33 47
5 5 43 45
5 4 34 47
4 4 38 52
5 4 43 52
2 4 44 52
1 4 43 51
6 4 27 87
5 4 27 87
6 4 28 87
3 6 39 87
3 4 34 84
1 5 44 86
6 5 33 88
5 4 46 49
2 4 25 93
6 4 22 8
4 5 24 11
3 6 24 9
3 4 49 11
8 4 25 47
5 4 27 48
6 4 23 31
8 5 29 31
3 4 35 47
3 4 22 29
6 4 21 84
5 5 31 84
5 6 37 82
4 4 45 61
3 4 45 59
7 4 47 32
1 4 36 85
5 4 50 86
4 4 52 58
2 4 52 82
1 4 52 12
4 4 21 53
3 4 34 55
2 4 29 55
5 4 44 56
3 4 25 52
6 4 20 77
4 4 39 75
7 4 37 78
4 4 17 54
8 4 17 97
4 4 15 36
5 5 14 35
6 6 37 36
8 5 23 33
5 6 27 30
3 6 27 30
4 4 41 35
4 4 23 77
4 5 32 74
4 5 41 77
4 4 35 36
3 4 20 37
1 4 39 37
3 7 39 33
7 7 42 37
2 4 19 35
7 5 34 36
1 4 35 35
3 4 14 15
4 4 38 14
2 4 14 71
3 4 40 71
8 4 34 72
3 4 25 69
7 5 49 68
4 4 48 69
1 4 20 87
3 4 13 63
8 6 16 63
2 6 13 64
7 4 12 18
8 5 13 17
4 5 27 16
6 6 21 16
2 8 25 14
5 4 13 40
8 5 40 40
5 5 24 40
1 4 23 41
2 4 14 74
4 4 14 92
3 5 22 94
6 4 22 41
8 6 30 40
7 4 11 15
7 5 19 14
6 5 47 14
5 5 30 14
4 4 11 14
4 4 12 40
5 4 10 40
3 6 11 39
6 5 11 40
2 4 10 26
5 5 31 36
2 5 10 39
3 4 22 26
3 6 29 27
5 4 23 24
5 4 34 23
6 5 23 24
2 7 53 23
4 5 54 26
4 4 31 27
6 4 11 96
1 4 23 97
2 5 20 97
5 5 20 96
3 4 28 23
5 4 15 94
6 5 16 96
6 4 9 35
2 4 9 51
4 4 25 49
5 4 29 51
1 9 33 49
4 5 37 49
8 5 30 49
6 4 10 17
6 5 22 17
4 4 30 48
2 4 25 20
7 4 14 16
7 4 8 48
7 4 7 9
6 8 7 9
5 5 8 10
3 4 33 10
8 4 29 9
5 4 29 8
2 4 25 5
7 4 31 4
5 4 17 11
5 6 38 8
2 4 14 9
4 4 30 9
6 4 28 10
1 4 9 55
5 4 34 58
5 4 12 57
4 4 8 11
6 4 7 23
6 4 34 6
3 4 32 98
4 5 51 98
3 4 40 25
2 4 28 23
4 4 8 24
5 6 7 24
3 4 41 77
4 4 33 23
3 4 47 26
1 4 49 27
7 4 26 23
6 6 35 22
8 4 7 68
4 4 30 68
3 5 37 66
3 6 46 69
3 4 30 68
4 4 15 66
5 4 7 58
4 4 38 56
1 4 11 57
8 4 34 24
1 4 41 21
2 4 13 55
4 5 18 57
4 5 24 58
3 4 38 58
5 4 63 100
6 4 6 78
6 5 24 79
8 4 46 70
5 4 6 7
5 4 5 11
5 5 19 10
1 4 9 5
6 4 5 12
6 6 17 10
3 4 7 89
4 4 35 90
2 4 25 10
5 4 7 88
5 5 34 91
2 4 20 87
4 4 6 96
4 4 14 97
1 4 25 11
4 4 28 89
3 5 27 90
6 4 6 59
6 4 32 12
3 4 20 56
5 4 5 39
3 4 5 96
3 4 7 96
4 4 6 96
7 4 15 95
6 4 29 99
6 4 45 99
3 4 53 60
6 4 4 69
5 6 38 70
5 4 4 1
8 4 12 68
5 5 30 64
3 4 54 99
1 4 14 67
4 5 23 67
5 5 25 69
4 5 30 64
7 5 26 65
2 8 25 64
3 5 25 65
3 4 4 14
6 5 6 14
1 4 37 1
7 4 37 1
4 4 3 2
8 5 15 2
2 6 19 3
1 4 4 88
7 4 14 3
7 5 25 1
8 4 24 69
2 4 4 90
2 4 7 94
4 4 3 5
6 5 13 2
6 4 24 2
3 4 8 5
5 5 14 3
2 4 22 3
3 4 12 1
5 4 3 32
4 4 21 31
7 6 30 30
6 5 30 31
2 4 30 34
7 4 20 30
6 4 7 88
6 4 3 9
1 4 28 9
7 4 3 85
4 4 14 85
4 6 4 85
5 7 13 84
3 5 22 86
5 5 49 85
6 6 48 86
4 4 14 88
3 4 11 86
2 6 20 84
4 4 3 50
6 5 2 49
7 4 22 51
3 5 5 50
6 6 17 48
6 5 38 51
8 5 39 51
4 4 3 50
2 5 16 50
1 5 14 48
6 4 3 45
3 5 34 45
3 4 2 62
2 5 29 63
4 4 10 49
7 4 8 84
5 4 22 33
3 4 2 74
6 4 28 70
2 4 17 74
1 4 26 73
3 4 2 91
8 4 2 98
4 4 35 62
7 4 31 85
1 4 36 83
7 3 56 27
6 3 54 59
2 3 53 22
4 3 53 99
3 3 52 62
7 3 51 59
1 3 51 82
3 3 57 82
2 3 55 59
2 3 48 20
7 3 48 27
8 3 48 60
7 3 48 99
4 3 47 22
5 3 47 26
8 3 47 26
5 3 47 63
7 3 47 80
3 3 47 82
4 3 45 5
4 3 45 59
6 3 45 63
2 3 44 27
2 3 43 8
5 3 42 20
8 3 44 21
3 4 43 22
6 4 41 21
3 3 43 29
6 3 42 88
5 3 41 95
5 3 40 12
6 3 40 75
7 3 40 81
4 3 45 79
5 3 40 82
3 3 40 100
3 3 41 98
4 3 39 6
6 3 38 62
3 3 45 1
5 3 40 62
7 3 38 78
7 3 37 2
2 3 38 67
6 3 37 2
8 3 37 5
2 3 37 71
7 4 39 72
8 4 38 71
4 3 40 71
7 3 37 42
5 3 37 79
3 3 37 91
3 3 36 61
7 3 35 22
2 3 43 1
6 3 57 36
1 3 35 21
5 4 35 22
2 3 56 1
4 3 35 33
2 3 35 34
5 3 35 51
2 3 35 57
5 3 36 58
3 3 35 83
6 3 37 81
4 4 36 83
2 5 37 80
4 3 36 22
2 3 35 21
8 3 38 81
3 3 40 20
7 3 35 99
7 3 34 4
8 3 34 9
3 3 38 9
2 3 34 14
8 3 34 58
8 3 34 80
6 3 33 9
5 3 33 9
4 3 36 7
2 3 33 30
5 3 38 29
6 3 33 38
1 3 33 37
2 3 33 38
4 3 36 38
2 3 40 81
2 3 33 63
2 3 34 63
5 3 46 20
3 3 32 11
2 3 32 12
7 3 32 57
6 4 35 56
8 3 37 56
4 6 38 57
2 3 32 46
4 4 32 46
4 3 38 46
2 3 32 75
3 3 31 26
1 4 31 26
3 4 30 28
4 3 35 29
6 3 34 29
8 3 33 30
2 3 34 30
7 3 33 71
4 3 34 72
8 3 31 26
5 3 38 25
6 5 41 25
6 3 31 57
5 3 30 15
4 3 42 1
4 3 29 14
7 3 30 12
2 3 32 12
3 3 29 14
6 5 28 14
2 3 29 31
7 3 29 43
6 3 29 43
7 3 29 87
3 5 35 86
2 4 35 84
4 3 30 78
3 4 30 80
7 3 30 77
5 4 38 78
6 3 30 76
4 3 28 21
8 3 33 21
7 4 34 19
3 4 33 21
6 3 31 4
3 3 33 3
8 3 30 3
5 3 28 33
7 3 29 62
2 3 32 21
4 3 28 69
6 4 33 69
7 3 35 85
5 3 35 85
1 3 30 68
2 3 28 80
7 3 27 50
7 3 27 98
3 3 32 97
2 4 37 98
7 3 26 30
8 3 27 86
4 3 31 86
3 3 26 33
8 4 26 34
6 3 37 34
7 3 36 61
2 3 38 70
6 3 34 34
2 3 25 5
7 5 24 5
3 5 27 4
2 3 53 37
6 3 43 59
8 3 35 4
6 4 35 6
2 3 26 38
5 3 26 4
6 3 25 63
6 3 29 3
2 3 25 81
6 5 26 79
6 3 27 82
4 4 28 83
8 3 30 84
6 3 24 7
4 3 24 24
1 3 24 22
5 3 25 98
8 3 25 98
3 3 24 38
7 5 24 39
7 3 27 64
6 3 27 64
5 3 24 71
4 3 24 75
4 3 24 86
6 4 30 88
1 3 24 92
4 3 22 20
6 3 28 17
3 3 52 36
6 3 23 21
5 7 28 17
2 3 22 50
5 3 22 57
1 3 22 56
8 3 23 56
5 4 28 56
7 5 28 56
4 3 22 85
3 4 22 85
6 3 24 83
2 3 28 82
7 4 28 81
6 3 26 21
5 3 21 3
4 3 23 3
3 4 28 1
3 3 28 84
4 3 20 11
7 3 20 22
4 4 21 23
1 3 23 22
7 5 26 24
4 3 28 38
6 3 28 36
5 3 28 25
4 3 33 25
6 3 25 23
1 3 27 23
7 3 24 25
7 5 34 27
4 3 20 28
6 3 20 37
2 4 21 36
8 3 19 8
2 3 26 9
4 3 19 57
8 4 20 57
6 3 19 62
3 3 29 62
5 4 41 61
2 3 29 10
4 3 28 9
8 3 28 8
2 3 28 60
2 3 24 56
8 3 22 37
7 3 21 14
6 3 31 63
7 4 31 64
1 3 23 15
1 3 19 67
6 3 18 15
6 4 21 16
3 6 22 15
5 4 22 12
7 3 18 11
6 3 18 34
8 3 25 17
5 3 24 33
6 3 17 26
5 3 20 17
6 3 20 26
7 4 22 26
1 3 18 79
8 3 30 25
5 3 17 34
7 3 17 89
6 4 16 90
3 4 26 89
3 3 35 35
4 3 25 89
8 3 34 78
3 3 17 44
1 3 17 88
2 6 24 88
3 3 16 8
3 3 16 13
4 3 16 38
5 4 20 37
3 3 16 48
3 3 19 49
3 3 16 77
6 3 16 97
5 3 20 87
5 3 15 35
1 3 25 34
6 3 15 49
6 3 15 53
5 3 29 45
6 3 28 52
4 3 24 52
2 3 30 52
5 3 22 54
4 3 23 55
5 3 30 98
1 3 22 54
4 3 16 51
2 3 15 68
3 3 15 68
2 3 17 50
8 3 24 68
3 3 17 66
6 3 17 68
5 3 15 74
2 3 24 73
5 3 29 75
3 5 29 71
4 3 28 76
6 3 15 81
1 3 25 81
1 3 28 81
1 3 15 85
6 3 16 85
4 4 17 86
5 5 19 83
4 4 18 82
6 6 18 81
7 4 17 84
1 3 28 51
3 4 29 52
2 3 14 57
4 3 14 61
5 3 14 47
3 4 30 47
4 3 24 63
5 3 24 65
4 3 28 65
6 3 14 68
3 3 25 67
6 3 26 67
8 3 20 68
5 3 13 7
2 3 26 6
6 3 26 7
7 3 28 6
8 4 28 4
5 4 28 7
2 3 13 18
2 3 21 19
3 3 17 18
3 3 13 22
5 3 19 21
6 3 14 21
7 3 31 45
8 3 32 45
4 3 33 45
3 4 32 44
7 3 23 20
4 4 23 21
5 3 15 21
7 3 13 33
7 3 21 33
2 3 14 23
4 3 12 4
4 3 27 32
2 3 25 4
2 3 19 3
5 6 25 1
7 3 13 81
6 3 13 3
6 4 22 5
3 3 19 82
5 3 17 80
2 3 17 80
4 3 17 80
7 3 12 9
6 3 12 10
8 4 22 10
8 5 13 11
7 3 22 7
3 3 11 44
6 3 11 85
2 4 12 87
2 3 12 62
1 3 21 5
8 3 21 88
3 3 20 5
4 3 13 63
2 3 10 15
6 3 12 15
1 3 10 15
2 4 15 15
8 3 10 9
7 3 17 64
6 4 23 64
5 3 23 64
7 3 17 13
5 3 15 8
7 3 10 81
7 3 10 61
4 3 15 60
4 4 18 62
5 4 18 65
1 3 20 59
3 3 10 81
3 3 11 80
1 3 11 81
2 3 25 66
6 3 10 98
2 3 16 98
6 4 29 97
7 5 22 99
4 3 16 82
5 3 10 89
6 4 9 90
6 3 24 90
5 3 13 81
3 3 15 99
5 3 12 88
6 4 12 87
1 3 11 90
2 4 14 90
4 3 19 92
8 4 19 91
5 3 22 90
2 4 21 91
7 3 15 81
4 3 9 26
4 3 16 25
1 3 16 27
1 3 24 29
6 6 23 25
5 5 16 26
6 4 26 29
7 3 12 27
4 3 21 28
7 3 14 28
6 3 16 91
7 3 15 90
6 3 13 28
2 5 17 26
6 3 9 46
6 3 9 20
4 3 12 19
4 3 12 91
6 3 13 43
4 4 14 43
3 3 19 22
1 3 21 19
5 3 9 47
7 3 12 44
2 3 9 46
5 5 21 45
6 3 19 46
5 3 9 50
5 3 11 50
8 3 15 50
5 4 15 51
4 3 19 51
2 3 35 61
5 3 9 54
4 3 24 52
3 4 9 51
5 3 16 53
8 3 12 54
2 5 14 53
5 5 19 54
6 3 17 55
2 3 9 55
3 4 16 56
6 4 15 54
5 3 9 100
6 3 8 37
2 4 13 36
4 3 9 87
5 3 13 37
8 4 18 37
2 3 22 85
1 3 23 85
2 3 36 42
4 3 23 35
5 3 24 93
2 3 24 93
4 3 8 57
5 3 12 57
6 4 8 57
2 4 19 58
4 3 19 34
3 3 11 55
1 3 11 55
4 3 8 69
2 3 8 83
6 4 7 83
6 3 13 38
2 3 18 85
6 3 16 38
4 3 7 7
1 3 6 12
4 3 14 14
6 3 6 61
3 3 19 35
5 3 8 61
1 4 29 59
6 5 9 61
4 3 15 60
6 3 6 75
2 4 7 76
1 5 12 75
2 4 24 75
3 4 7 76
6 3 26 77
6 3 19 34
4 3 18 34
8 3 18 63
6 3 17 74
3 3 8 76
4 5 6 76
6 4 11 74
6 3 14 76
1 3 24 78
5 5 24 77
6 3 13 59
7 3 15 77
7 3 15 60
3 4 16 62
5 3 13 60
7 3 19 74
5 3 14 61
8 3 18 59
3 3 7 73
5 3 6 69
4 3 21 78
6 3 6 73
5 3 7 73
5 3 7 75
8 3 10 76
7 3 20 77
8 3 20 78
1 3 19 78
3 3 19 77
3 3 26 59
7 3 5 61
4 4 4 61
3 4 10 60
8 3 7 58
3 3 6 90
6 3 8 62
8 3 8 64
4 3 8 65
3 3 7 64
4 3 12 65
5 3 10 65
2 4 13 65
8 3 15 92
1 3 10 67
1 3 24 59
5 3 28 70
4 3 28 59
7 3 6 65
3 5 16 68
3 3 30 70
4 3 4 18
1 3 11 16
8 3 11 16
5 11 11 15
3 4 13 14
1 3 5 85
8 3 5 1
2 3 7 64
3 3 7 65
5 3 5 87
1 3 5 88
6 3 11 19
4 3 14 87
6 3 4 84
7 3 3 39
6 3 3 77
2 3 3 9
5 4 6 8
3 3 13 77
6 3 18 10
3 3 15 7
5 3 3 82
2 4 3 84
5 3 4 28
6 3 13 81
5 3 14 82
8 3 12 27
7 3 8 28
1 3 9 84
3 3 8 26
4 3 14 26
1 3 3 75
7 3 16 29
6 3 16 77
5 3 16 78
1 3 2 12
5 3 3 87
2 3 3 12
8 4 2 10
1 3 7 11
2 3 8 11
6 4 8 12
4 4 8 13
5 3 2 43
4 3 8 42
6 4 16 43
6 3 10 44
1 4 10 44
3 3 5 86
3 3 2 82
3 4 8 82
8 3 23 1
1 3 23 2
2 3 1 60
7 4 13 60
8 3 17 25
4 3 1 82
3 3 2 84
8 4 7 83
2 3 3 86
5 5 4 84
7 3 2 97
4 3 21 97
5 3 20 60
6 3 15 98
6 3 3 97
7 3 22 58
5 3 16 96
5 4 20 99
2 3 17 98
8 3 18 98
4 3 17 97
3 5 18 98
3 3 26 42
6 2 43 1
3 2 37 72
6 2 35 7
1 2 35 31
4 2 35 72
3 2 33 32
4 2 32 31
4 2 32 46
2 2 32 95
8 2 31 32
8 2 29 1
6 2 29 1
6 2 29 36
6 2 28 46
3 2 27 21
6 2 27 20
8 2 27 21
1 2 27 70
6 2 42 100
4 2 36 36
5 2 26 34
2 2 26 35
5 2 26 37
1 2 26 43
4 2 52 100
2 2 28 71
6 4 28 70
5 2 26 97
4 2 25 24
3 2 25 100
5 2 26 95
6 3 25 95
2 2 27 99
1 2 26 94
1 2 25 99
6 2 24 26
4 2 24 27
4 2 24 42
8 2 24 43
4 2 23 31
8 2 23 6
4 2 23 21
6 2 24 20
1 2 23 22
8 2 23 31
2 3 22 31
2 2 23 83
4 2 23 94
7 2 22 4
5 2 22 21
5 2 22 30
3 2 25 94
8 2 25 95
6 2 22 44
6 2 26 31
2 2 24 45
8 3 26 45
4 2 26 46
5 2 24 45
5 2 22 33
2 2 22 35
4 2 22 45
1 2 22 45
7 2 22 53
6 2 22 67
3 2 22 80
8 2 22 45
2 3 22 45
7 2 22 46
7 2 22 83
1 2 21 12
7 2 21 21
2 3 20 20
6 2 21 26
8 2 22 27
7 2 22 28
6 2 21 37
7 2 21 51
6 2 21 59
8 2 21 99
3 2 20 35
8 2 21 34
1 2 21 33
2 2 20 71
5 2 25 70
7 3 26 70
6 2 20 73
2 2 20 60
2 2 22 59
5 2 20 68
3 2 20 87
4 3 20 87
7 2 20 99
6 2 19 31
8 2 19 44
3 2 19 47
3 2 19 54
2 2 23 79
6 2 23 79
3 2 19 73
3 2 22 72
4 2 22 71
3 2 24 70
8 2 24 70
4 2 20 72
1 3 20 73
1 2 19 57
3 2 19 59
6 2 19 72
6 2 19 85
3 2 19 92
1 2 19 97
8 2 18 2
6 3 18 3
5 2 18 15
1 2 18 21
8 2 19 22
2 2 18 25
5 2 18 27
8 3 18 28
1 2 18 40
3 2 18 44
2 2 37 100
2 2 18 52
3 2 18 68
4 2 18 68
2 2 18 69
5 2 18 72
1 3 17 72
5 2 20 71
2 2 18 46
7 2 20 70
7 2 18 70
7 2 17 1
5 2 17 7
6 2 21 47
4 2 17 7
1 2 17 7
5 3 24 7
7 2 23 6
6 2 17 26
5 2 17 10
6 2 17 30
6 2 17 34
2 2 17 50
8 2 17 59
5 2 19 27
3 2 17 94
6 3 17 93
7 2 17 97
1 2 25 53
7 2 16 9
4 2 16 5
6 2 17 5
2 2 16 23
1 2 17 24
8 2 16 22
5 2 16 21
5 2 17 20
5 2 20 58
4 2 16 21
2 2 16 28
4 3 17 27
4 2 16 31
7 2 16 30
5 3 19 31
4 3 19 31
5 2 16 37
7 2 18 36
4 2 16 38
3 2 16 38
7 2 17 39
4 2 16 40
3 2 20 19
8 2 16 46
1 2 18 47
1 2 17 45
7 2 16 53
5 2 19 35
2 2 18 35
7 2 17 52
1 4 17 53
3 2 18 53
5 2 16 54
2 3 16 54
4 3 17 53
6 2 17 52
7 2 16 68
4 2 16 70
7 2 16 92
4 2 16 73
5 2 18 72
4 2 16 77
8 2 16 91
4 3 16 91
4 2 16 92
2 2 15 31
2 2 17 30
1 3 19 30
3 3 19 31
5 3 17 31
7 2 18 30
8 2 17 30
6 2 16 29
8 2 16 97
6 2 15 23
4 2 20 24
5 2 19 24
3 2 19 24
2 2 19 25
5 2 18 25
1 2 15 36
8 2 15 55
3 3 14 55
7 2 15 70
6 4 15 71
1 2 15 42
3 2 17 41
1 2 18 42
7 2 16 42
4 4 17 41
7 2 15 78
7 2 15 92
2 2 15 100
3 2 15 50
5 2 14 1
7 2 16 99
2 2 14 2
6 2 24 8
2 2 25 7
5 2 22 1
3 2 16 2
3 2 14 27
6 2 14 12
3 2 14 4
7 2 14 4
7 2 14 15
8 2 14 25
3 4 15 24
5 2 14 28
6 2 14 25
2 2 14 28
5 2 14 28
8 3 14 28
8 2 14 40
2 2 14 48
4 2 14 35
7 3 14 35
4 2 17 47
4 2 16 35
6 4 16 35
8 2 16 37
8 2 14 53
1 2 14 68
4 2 14 93
8 2 13 3
1 2 14 35
6 2 14 78
1 2 14 4
4 4 14 5
2 2 13 11
4 2 13 11
8 3 14 11
5 2 14 87
7 2 13 17
3 2 13 19
7 2 13 20
4 2 13 24
1 2 14 23
4 2 13 27
1 3 13 26
5 2 13 30
7 2 13 50
3 2 14 12
1 2 13 65
8 2 13 66
4 2 13 77
2 2 13 77
3 2 12 4
8 2 16 51
3 2 16 51
4 2 14 3
5 3 15 2
6 2 19 79
6 2 15 1
7 2 14 4
1 2 13 92
7 2 13 98
1 2 12 12
4 2 12 26
6 2 12 32
2 3 12 30
3 2 13 33
6 5 12 28
4 4 13 33
2 2 13 33
3 2 14 34
1 2 13 31
8 4 13 32
5 2 13 34
1 2 12 48
4 3 12 49
2 3 12 50
7 2 13 47
3 2 12 31
4 2 12 34
1 2 12 54
4 2 12 53
5 2 12 60
7 2 18 59
4 2 15 59
3 2 18 58
6 2 16 58
4 2 17 57
8 2 17 57
4 2 13 59
7 2 14 60
5 2 12 72
4 2 12 71
1 4 12 71
8 3 11 73
7 2 12 68
5 2 12 89
1 3 12 90
8 3 11 90
3 3 10 89
5 3 9 90
4 2 12 82
8 2 11 1
3 2 17 1
7 2 12 88
4 2 12 87
3 2 12 92
2 2 21 1
1 2 13 1
2 3 14 1
7 2 11 13
1 2 11 10
2 2 11 20
8 2 11 3
1 2 11 19
4 3 11 18
6 3 11 17
8 2 13 19
6 2 12 19
4 4 12 18
1 3 11 17
3 2 11 19
3 2 11 24
7 2 12 25
7 2 11 23
2 2 11 26
6 2 11 32
4 2 11 37
6 2 12 21
3 2 11 37
2 2 11 38
3 3 12 38
4 2 18 1
4 2 11 13
8 3 11 14
5 2 13 40
7 2 13 41
3 2 11 41
6 3 11 41
5 2 12 42
6 2 12 12
7 2 12 11
2 2 12 41
2 3 14 42
5 2 11 40
3 2 11 41
7 3 12 42
8 4 12 42
3 2 11 9
1 2 12 43
5 2 11 10
4 3 11 11
3 2 15 8
3 2 19 7
1 2 14 8
3 2 11 51
2 2 11 61
3 2 11 64
5 2 11 67
5 2 12 67
2 2 11 69
6 2 12 69
5 2 11 70
4 3 11 70
3 2 11 74
4 2 11 77
1 2 11 78
4 2 16 44
1 2 13 79
2 4 13 79
2 2 11 95
4 2 15 94
2 2 12 94
3 3 12 94
8 2 12 95
1 3 12 94
4 3 11 95
2 5 11 93
6 2 11 93
3 2 10 13
7 2 10 32
5 2 10 46
1 2 10 44
3 3 10 45
2 3 10 45
1 2 11 87
5 2 10 37
7 2 11 43
5 2 10 54
8 2 10 57
8 2 10 69
3 2 10 71
6 3 10 71
2 2 10 72
7 2 10 73
1 2 11 74
8 2 11 73
5 2 10 81
6 2 11 82
2 2 10 82
5 2 10 87
2 3 10 88
3 2 10 87
3 2 10 94
7 2 10 94
2 2 9 2
3 3 9 3
7 2 13 1
5 2 9 4
2 2 9 11
3 2 9 35
2 2 10 35
6 2 10 36
8 4 10 36
5 2 9 22
3 2 11 22
7 2 10 21
3 2 9 23
8 2 10 22
4 2 10 24
7 2 10 37
2 2 11 37
5 2 10 36
3 4 10 37
6 2 9 58
3 2 13 57
5 3 13 57
6 2 9 53
4 2 10 54
5 2 10 54
4 2 9 59
6 2 10 24
7 2 9 61
6 2 9 63
4 2 9 82
5 2 9 82
4 2 9 93
1 2 9 66
7 2 8 2
6 2 8 3
2 2 8 21
8 2 8 22
2 2 9 95
3 2 8 8
4 3 7 8
2 2 9 23
5 2 9 23
4 2 13 9
4 2 8 22
2 2 8 32
4 2 8 34
7 3 8 34
7 2 8 35
2 2 8 38
1 2 8 53
3 4 7 53
8 4 8 39
2 2 8 6
2 2 10 6
5 2 13 6
1 2 10 40
2 2 10 40
1 2 9 94
6 2 11 95
6 2 9 94
5 2 9 95
4 2 8 40
5 2 8 43
7 2 8 42
2 2 10 43
3 2 11 44
1 2 8 41
2 3 8 42
3 2 8 62
1 2 8 84
7 2 8 84
3 2 8 93
3 2 8 95
5 2 7 2
5 2 8 1
1 2 7 7
6 2 12 7
1 2 10 6
2 4 11 5
3 3 14 6
4 3 14 7
7 2 10 8
8 3 11 8
8 2 7 8
5 2 7 11
7 2 7 14
5 2 8 6
7 3 11 5
8 2 7 26
4 2 7 30
6 2 7 31
7 2 7 30
2 2 7 36
1 2 7 35
5 2 7 63
6 2 7 67
3 2 9 27
6 3 9 28
5 2 9 13
1 2 7 22
3 2 7 21
4 2 7 71
1 2 7 72
5 2 7 80
2 2 7 83
1 2 7 89
1 2 7 99
5 2 10 28
5 2 6 13
4 2 9 13
6 2 6 2
4 2 11 67
7 2 10 1
3 2 10 2
2 2 6 15
6 2 6 29
8 2 8 28
6 2 6 12
7 3 6 11
8 2 6 28
1 2 6 27
6 2 6 40
2 2 6 44
2 2 6 28
3 2 6 46
8 2 6 51
3 2 6 58
8 2 8 43
2 2 6 57
5 2 6 55
7 2 6 54
3 2 6 68
2 3 5 68
3 2 6 75
6 2 7 74
2 2 7 75
5 2 7 75
7 2 6 75
3 2 6 78
6 2 6 83
8 2 6 91
1 2 5 25
6 3 5 25
4 3 5 27
7 2 6 24
8 2 5 20
4 2 6 28
3 2 6 29
7 2 5 29
5 2 5 32
3 2 5 18
8 2 7 18
7 2 7 17
7 2 5 19
1 2 5 20
4 3 4 19
5 2 5 21
3 2 5 42
8 3 5 43
4 2 5 41
6 2 5 47
4 2 7 48
7 3 7 46
3 2 9 48
5 3 5 48
2 3 7 48
7 2 8 50
5 2 6 49
4 5 8 51
5 2 8 58
7 2 10 45
2 2 8 59
2 2 5 53
8 2 8 52
1 2 8 52
7 2 5 57
3 2 7 57
1 2 5 47
6 2 5 63
6 2 8 52
7 4 8 53
1 2 5 66
8 2 6 65
2 3 7 65
7 2 7 58
5 2 5 74
3 2 6 74
5 3 7 73
1 2 7 72
7 2 6 66
6 2 5 69
4 2 5 77
5 2 5 79
4 2 5 89
8 2 5 89
5 2 5 93
4 2 5 96
4 2 9 97
3 2 5 98
2 3 7 97
5 2 5 97
8 3 5 96
1 3 5 95
1 2 6 96
3 4 6 97
7 2 4 1
2 2 4 5
6 2 4 12
3 2 4 26
2 2 4 41
1 2 4 45
7 2 4 46
8 2 4 46
6 3 3 45
8 2 7 46
4 2 7 47
5 2 4 64
1 2 4 72
2 3 5 71
2 2 4 80
8 2 6 81
4 3 6 82
2 2 6 81
8 4 5 80
7 2 5 73
2 2 5 74
6 2 4 93
3 2 4 94
7 2 3 21
2 2 4 95
5 2 3 19
2 2 6 18
8 2 3 27
3 2 3 30
1 2 5 31
4 2 4 31
8 2 4 30
2 2 3 29
7 2 3 37
4 2 5 22
3 3 5 22
5 2 6 37
4 2 6 38
2 2 4 23
6 2 3 48
8 2 4 49
1 2 3 49
6 2 3 50
4 2 3 67
7 2 5 67
6 2 3 72
3 2 3 71
4 2 3 83
7 2 8 83
7 2 3 94
3 2 3 99
5 2 5 98
4 2 4 98
5 2 10 99
6 2 6 99
7 2 5 99
1 2 4 99
8 2 4 98
4 4 3 97
2 2 5 99
2 2 3 99
2 2 2 6
3 2 6 5
1 4 6 4
4 2 12 62
8 2 5 6
3 2 3 7
1 2 4 8
6 5 5 6
4 3 4 7
1 2 5 8
7 5 5 8
5 2 2 1
7 2 2 3
3 2 2 24
5 2 2 23
8 2 2 22
6 2 2 22
6 2 2 37
8 3 2 38
3 3 1 36
5 2 2 40
1 2 2 42
3 2 2 43
6 2 2 43
7 2 2 44
7 2 2 46
6 2 2 46
3 2 2 62
1 2 2 61
3 2 3 9
2 2 2 34
7 2 6 60
8 3 7 59
3 2 7 59
6 2 7 60
5 2 6 33
1 2 2 35
6 2 2 70
2 2 2 78
7 2 2 83
4 2 11 99
3 2 2 68
7 3 2 66
6 2 2 86
8 2 4 85
3 2 5 86
6 2 4 86
7 2 4 85
8 2 3 65
4 2 4 64
1 2 4 64
6 2 4 65
7 2 3 63
1 2 2 91
4 2 2 92
5 2 2 93
7 2 2 100
3 2 2 89
4 2 1 10
4 2 6 9
3 3 6 10
5 2 3 11
3 4 3 10
2 2 2 9
6 2 2 10
8 3 1 8
5 2 1 3
4 2 2 4
5 2 2 3
1 2 2 2
4 2 3 1
3 2 3 2
8 2 1 20
3 2 5 19
7 2 1 22
2 2 3 21
2 2 1 21
6 2 1 22
8 2 2 23
2 2 1 23
7 2 1 35
2 2 1 35
7 2 1 37
4 2 1 36
6 2 1 49
3 2 5 50
5 2 7 94
7 2 7 94
4 2 6 94
6 2 4 48
4 2 3 50
5 4 3 51
2 2 2 49
4 2 1 16
6 3 1 14
5 2 5 17
8 2 2 16
8 2 3 48
5 2 5 47
1 2 3 52
6 2 3 17
1 3 3 17
5 2 4 53
8 2 5 13
3 2 5 13
6 2 1 57
5 2 5 56
2 3 6 54
1 2 6 54
4 2 3 53
2 2 1 84
6 2 3 83
4 3 3 83
5 3 2 84
5 2 2 15
2 2 1 80
4 2 1 89
8 2 8 57
5 2 6 85
2 2 6 85
1 2 6 85