1277
116
6 2 22 71
2 2 6 48
1 2 48 48
2 6 28 70
6 5 48 15
3 4 2 40
8 2 33 62
6 2 61 26
2 2 72 9
2 3 29 100
8 4 56 87
3 4 53 100
3 3 77 95
2 2 5 75
7 2 2 4
8 3 83 12
4 3 62 26
6 7 49 40
4 6 45 88
2 2 69 24
1 3 2 46
2 5 62 52
4 5 7 9
4 14 88 94
6 3 52 23
7 2 6 89
7 3 64 10
4 4 62 46
7 2 53 95
2 8 37 31
6 2 21 61
5 5 19 65
5 5 26 40
5 5 91 22
1 9 15 97
5 2 9 68
2 2 41 61
8 3 50 96
6 4 50 88
3 6 51 42
4 2 46 63
4 3 9 34
3 2 79 48
8 5 41 18
1 4 46 81
2 3 27 6
8 4 85 54
4 6 71 40
6 2 64 78
4 5 60 49
4 3 19 15
3 4 63 27
1 2 31 28
1 3 26 2
1 2 77 32
5 3 23 75
6 2 7 47
4 5 51 15
2 3 9 55
3 2 16 78
8 4 6 53
8 3 85 93
8 2 37 8
6 4 76 7
6 3 39 30
5 3 51 71
8 2 14 74
2 7 36 87
5 2 9 18
1 3 15 46
6 3 61 54
7 2 11 38
8 2 10 69
7 8 79 9
1 3 6 59
1 7 8 49
6 3 97 13
5 2 1 52
1 2 1 54
2 7 96 33
1 2 19 77
4 2 66 53
1 3 16 6
6 10 5 24
2 2 68 94
5 2 44 93
5 5 83 99
1 2 82 75
8 2 35 16
4 2 22 29
3 8 26 63
1 3 56 77
1 3 69 21
4 5 2 39
5 2 14 94
2 4 48 16
5 5 30 77
8 3 45 43
7 2 24 66
1 4 79 51
1 2 62 49
4 2 93 68
5 5 4 66
4 6 76 53
8 4 94 8
4 2 6 64
1 2 4 89
8 4 48 8
5 5 31 26
5 4 43 42
1 2 10 47
3 2 74 31
8 3 51 97
4 3 65 21
6 2 85 1
5 7 37 23
