3680
540
7 4 66 58
7 2 62 35
5 7 38 57
2 3 9 29
6 3 46 34
6 6 90 21
3 5 5 48
2 2 89 64
2 3 19 20
8 3 52 88
8 3 54 3
7 8 89 59
7 2 47 50
7 4 36 62
3 4 43 73
6 4 72 42
1 4 3 52
2 5 75 77
6 2 62 76
5 2 12 84
8 2 30 39
6 5 18 60
3 5 35 61
7 5 24 80
4 2 11 4
5 3 6 32
5 2 28 75
2 5 9 83
4 3 73 39
4 6 69 6
3 2 77 12
4 4 25 67
7 5 4 28
7 2 44 42
1 5 69 12
4 4 81 86
3 2 84 39
8 3 43 71
3 4 21 89
5 4 68 6
8 6 8 82
6 3 69 41
2 2 68 48
7 5 75 13
3 3 58 56
8 3 8 44
3 2 30 74
3 5 23 80
2 2 49 13
7 2 62 38
8 3 20 51
6 3 4 36
4 4 61 55
4 5 21 83
1 4 5 65
4 2 9 29
6 2 46 11
3 2 45 54
2 4 3 48
5 5 29 30
8 2 21 66
8 3 58 29
1 5 78 32
5 2 22 56
2 2 6 32
1 5 29 32
1 2 3 57
4 2 49 16
6 3 28 40
4 2 56 17
1 4 41 75
2 6 27 38
2 4 86 7
1 2 26 50
6 2 58 5
4 2 11 60
5 5 2 47
6 4 2 16
8 2 77 63
8 4 71 60
3 2 5 22
5 2 45 25
2 2 13 8
8 6 82 21
2 2 28 85
2 2 77 53
5 4 52 23
2 4 7 88
5 2 14 54
4 6 85 55
4 2 47 87
5 2 81 50
8 4 3 47
3 4 7 86
3 3 41 24
3 5 59 23
7 2 87 46
7 4 54 17
4 4 49 28
1 2 85 60
4 2 1 29
2 6 86 26
5 3 54 61
1 3 80 44
2 6 87 33
1 2 78 3
8 4 4 29
2 5 50 26
3 2 80 50
4 2 12 67
1 2 47 26
5 7 85 23
8 2 20 38
7 4 2 57
8 2 2 2
6 5 69 22
6 2 26 40
2 3 78 26
5 3 54 31
6 6 84 42
3 4 1 71
2 2 42 41
6 4 8 37
4 2 50 14
2 5 20 56
3 3 53 61
8 2 77 25
2 3 35 22
6 2 29 33
4 2 51 70
7 5 58 22
2 3 7 43
3 2 44 49
1 3 75 28
3 2 27 18
1 3 80 22
7 3 35 41
6 6 78 21
4 3 83 50
8 2 34 10
5 4 34 22
3 4 55 15
8 2 80 5
2 6 61 41
7 2 69 86
7 2 44 39
5 2 82 33
2 2 35 69
2 4 49 89
7 6 81 36
8 2 48 13
5 2 53 68
2 2 42 37
3 4 60 60
7 5 83 40
5 4 42 73
6 3 2 9
5 4 65 74
2 2 36 8
7 4 56 57
5 3 76 76
5 4 55 10
4 2 33 12
8 3 75 16
2 2 14 39
7 5 83 16
2 2 62 37
6 5 58 57
2 3 14 34
4 2 52 75
4 2 11 49
1 2 12 10
7 3 2 46
4 8 84 48
6 2 61 58
6 2 21 15
4 3 40 40
3 3 5 31
8 5 57 18
7 5 49 67
8 2 61 72
3 2 72 72
5 2 7 41
6 5 41 38
8 2 71 72
2 5 53 40
8 3 43 13
1 4 80 56
7 2 42 21
3 2 84 29
7 4 81 62
5 4 17 46
4 2 59 87
3 3 38 67
7 3 12 79
3 2 45 26
7 6 77 27
8 3 19 86
1 2 8 46
5 2 7 29
2 2 33 83
3 2 82 22
5 2 42 90
6 8 84 30
6 3 22 75
4 4 31 59
5 2 81 63
7 2 44 30
7 3 7 41
3 5 63 73
6 4 83 13
4 2 82 12
4 4 76 42
6 2 75 46
3 3 49 36
3 6 81 45
4 2 83 18
8 3 33 82
2 2 27 34
3 3 3 72
3 4 43 33
7 5 56 68
6 3 36 7
3 2 27 31
4 3 27 43
7 3 47 26
7 4 13 40
6 6 43 32
7 2 27 63
1 4 12 38
5 3 59 67
7 2 6 76
2 5 58 67
5 4 72 73
1 2 81 57
7 2 26 23
2 2 9 55
4 3 28 80
8 3 58 87
8 5 3 74
8 2 61 7
3 2 80 29
8 3 7 9
8 5 80 28
2 4 56 70
6 3 78 66
2 2 6 25
5 4 27 42
2 3 30 75
4 3 7 41
4 3 32 80
7 5 24 25
4 2 11 28
4 2 72 22
1 2 50 22
2 5 81 33
7 4 83 18
8 6 79 36
1 2 56 9
7 2 8 25
5 2 58 56
7 3 29 75
1 3 83 13
1 8 82 19
8 2 12 68
6 4 72 31
5 4 25 82
1 6 77 34
1 2 9 48
1 4 57 18
1 2 53 12
1 2 19 74
2 4 1 3
7 2 80 18
2 4 76 27
2 5 57 16
8 2 75 44
7 3 30 65
4 2 7 3
1 2 71 3
5 2 71 87
4 6 58 3
2 3 3 36
7 2 13 69
5 3 47 27
1 2 40 2
1 3 48 7
8 5 66 4
6 3 64 35
4 3 70 36
2 3 40 83
2 5 29 62
4 2 61 81
8 4 40 41
6 2 36 24
8 2 36 22
4 2 15 47
1 2 42 10
5 2 2 19
3 6 15 46
8 2 20 70
3 2 55 83
5 2 48 70
5 2 28 4
7 5 47 7
2 4 24 41
3 2 28 48
2 4 40 21
8 4 43 75
7 2 18 82
4 4 73 86
1 3 68 34
3 2 40 71
4 4 12 16
1 4 55 67
8 2 36 77
5 4 11 40
5 4 50 19
4 2 76 44
4 5 1 17
8 2 48 57
6 3 37 73
2 4 25 78
5 3 74 43
1 3 63 21
5 2 32 54
1 4 79 14
1 3 27 72
3 2 40 15
5 5 26 70
2 3 9 50
6 2 37 7
6 2 53 34
3 3 5 77
2 3 50 20
6 8 23 81
5 2 54 16
7 2 48 15
7 2 73 54
5 2 64 3
8 10 72 79
2 3 62 34
8 3 72 42
3 3 33 77
6 2 18 61
7 3 17 29
5 4 67 31
1 4 13 42
3 2 31 10
6 2 9 16
5 3 61 18
5 2 21 77
8 5 59 21
6 5 76 37
2 3 43 80
2 2 76 44
6 3 61 53
7 4 77 51
4 3 7 62
8 5 28 61
1 4 46 32
3 3 73 38
3 3 20 40
2 3 17 29
1 4 64 61
8 4 57 38
6 2 4 31
3 3 71 23
2 3 49 32
1 3 45 40
3 3 13 56
6 5 70 79
2 3 54 34
8 2 52 58
4 3 2 14
6 2 5 78
6 6 76 16
7 2 40 16
4 2 15 32
2 2 21 27
4 4 59 18
1 3 42 33
3 4 72 19
3 4 55 57
2 2 10 66
6 2 22 56
4 2 5 54
8 2 75 25
8 3 70 66
6 6 39 55
6 2 6 49
4 2 7 72
4 4 42 75
4 2 47 79
8 2 19 19
6 5 41 76
1 3 30 60
8 3 4 68
1 2 35 90
7 4 20 39
4 3 44 47
3 4 33 59
6 3 43 41
6 4 13 40
3 2 37 77
7 5 44 48
8 4 64 81
2 4 65 5
6 4 32 59
1 2 27 89
7 3 37 39
8 2 66 88
7 3 39 48
4 6 53 40
5 2 72 28
6 2 40 51
3 5 39 51
8 3 62 15
4 3 55 38
6 5 55 37
8 2 11 50
2 2 12 21
5 3 14 59
6 2 11 39
5 3 43 36
8 6 70 24
1 2 11 56
7 3 33 22
2 3 70 67
7 3 30 75
1 2 5 39
8 6 44 38
7 3 4 84
1 3 47 60
7 4 69 79
5 3 36 76
8 5 69 56
3 2 56 16
3 2 41 72
5 2 19 85
5 2 4 75
2 2 50 82
5 2 16 49
2 6 21 74
5 2 29 68
8 3 55 6
3 3 66 4
1 3 3 25
8 4 14 32
4 5 43 33
3 3 28 4
5 2 67 11
3 2 64 32
4 2 71 1
3 3 13 69
4 6 64 67
2 3 35 25
3 4 67 67
6 4 59 81
3 2 54 23
5 3 74 9
2 4 62 71
4 2 67 47
3 3 56 70
5 2 21 10
3 3 74 24
7 4 49 83
8 3 79 8
6 2 50 75
8 2 43 67
1 3 18 39
2 4 11 41
4 2 50 47
6 5 67 43
4 2 33 39
6 3 4 25
2 2 18 47
3 5 38 42
7 4 73 44
2 3 51 73
7 4 65 70
8 4 7 3
5 4 32 67
1 2 48 23
8 3 25 15
1 4 55 9
6 2 7 88
2 3 22 28
4 3 57 59
3 3 54 59
7 2 21 70
5 5 47 26
3 3 5 48
6 2 51 50
7 4 54 75
8 4 56 69
3 2 57 52
8 4 64 51
7 3 33 60
2 2 71 3
2 3 69 43
2 3 47 29
2 2 20 44
3 6 27 39
1 3 39 46
1 2 7 7
1 2 51 51
4 2 27 89
1 3 13 40
6 6 27 88
3 2 62 24
4 2 43 42
7 4 61 67
3 4 15 23
3 2 40 78
1 4 72 8
7 4 5 47
1 2 43 75
8 4 58 54
6 2 26 69
2 2 66 66
5 5 70 1
5 3 74 9
1 2 65 13
6 2 16 82
4 3 28 89
7 5 40 77
7 4 56 17
6 4 36 47
7 2 54 82
4 4 66 45
4 3 67 24
2 5 64 56
4 3 34 78
5 2 57 76
1 2 66 48
5 4 27 48
8 2 34 77
7 2 58 49
4 5 73 35
