3377
60
6 3 24 185
4 15 10 163
8 9 23 49
4 2 9 194
8 2 27 19
4 19 6 21
6 4 15 23
4 4 14 69
8 4 39 112
7 3 18 187
7 17 38 111
8 8 48 191
3 2 13 174
7 8 18 44
6 9 27 181
6 6 37 178
6 6 30 178
5 15 5 9
2 4 16 23
8 2 8 124
4 6 37 166
8 4 7 20
7 13 26 12
2 10 6 147
1 3 25 147
8 5 41 112
6 2 20 186
5 6 23 99
4 12 44 50
2 13 42 189
7 4 46 16
7 11 34 130
3 3 32 164
5 12 13 148
8 6 28 78
4 5 19 146
6 5 20 148
5 4 27 70
4 5 22 19
2 3 30 199
8 4 2 57
8 17 32 194
7 2 1 161
8 8 28 136
1 2 25 108
8 5 17 100
5 12 9 55
6 11 1 183
6 2 31 94
7 6 37 39
7 7 14 45
8 12 27 169
5 9 23 126
5 4 19 58
3 10 2 190
7 9 30 53
4 4 3 138
8 9 34 159
5 9 44 135
6 11 25 174
