4176
120
4 4 68 47
8 2 25 48
7 10 98 36
2 2 12 41
6 6 66 34
2 14 62 39
2 4 77 3
3 2 90 22
2 14 28 37
5 10 15 8
2 7 68 57
7 4 77 20
2 6 46 31
7 10 4 28
5 8 35 10
6 2 74 46
5 10 7 43
5 4 37 42
7 2 4 5
2 2 24 44
6 8 62 20
6 3 68 69
8 4 55 4
4 12 23 14
1 2 33 70
2 2 83 28
8 6 88 11
8 10 25 19
5 4 5 53
7 14 58 4
1 2 83 32
5 2 74 19
4 10 45 6
1 6 82 46
6 16 86 47
1 6 2 15
4 5 29 69
7 4 73 11
8 2 15 85
3 2 52 2
5 4 46 92
7 12 86 40
4 2 51 33
3 2 32 23
1 6 66 46
5 2 90 92
3 8 13 46
2 10 16 37
5 2 45 41
7 4 24 37
7 8 34 3
2 8 29 45
2 2 8 4
4 8 17 39
6 4 87 33
3 3 21 85
6 5 8 96
4 2 96 64
6 8 6 3
4 12 68 37
1 2 41 48
4 2 75 49
2 8 89 38
8 6 43 13
4 8 77 17
6 8 27 33
3 2 72 14
5 2 100 77
2 14 91 17
4 4 36 3
4 2 56 24
2 10 62 45
6 2 13 17
4 2 84 82
3 10 33 18
1 2 4 48
2 8 20 6
2 6 60 6
6 4 75 12
6 3 11 62
8 2 40 82
5 2 16 77
3 14 37 48
3 6 64 21
6 4 1 15
5 5 84 65
4 2 35 45
7 5 90 14
7 10 45 10
3 8 15 5
4 2 21 3
1 4 5 30
6 2 5 30
8 10 17 27
1 6 39 19
3 8 58 23
2 2 80 36
4 6 23 44
7 2 34 37
4 8 65 42
1 8 22 37
7 8 18 23
7 2 32 44
4 2 37 95
4 6 58 13
3 2 24 40
6 10 54 22
6 8 36 7
8 2 15 11
4 4 22 89
7 6 3 13
1 10 60 50
5 10 84 36
4 4 67 14
6 4 39 87
4 6 27 29
6 2 63 7
2 2 8 61
2 2 82 10
5 12 82 14
