8429
120
6 2 30 56
6 3 10 100
8 23 81 71
1 2 30 97
4 30 89 55
5 3 78 40
1 30 17 47
4 2 17 15
3 3 48 81
2 3 89 99
5 34 31 31
2 3 81 78
5 2 38 65
6 2 64 81
8 2 46 36
7 21 47 59
2 25 4 17
6 6 54 55
8 2 33 72
2 2 31 15
5 3 27 30
4 3 99 42
3 29 82 29
2 6 59 77
8 3 54 34
1 2 79 10
4 2 13 36
8 3 71 54
4 29 62 83
4 2 48 38
8 3 31 34
4 2 74 34
5 3 71 12
4 3 26 93
1 24 18 84
1 4 54 40
1 4 97 95
5 3 76 8
7 4 38 23
6 2 19 89
7 2 53 29
6 24 68 53
6 4 17 71
3 5 64 15
2 2 9 94
5 3 14 40
4 3 20 84
6 7 38 82
7 2 95 17
3 4 29 30
6 6 5 61
4 5 17 97
1 5 44 25
2 3 69 75
8 2 74 60
7 2 54 40
1 4 81 13
1 3 38 69
8 2 73 1
5 21 8 74
3 5 57 62
2 2 25 32
8 2 17 39
5 2 60 10
5 4 80 90
5 6 23 14
1 2 95 47
8 2 77 91
6 5 34 16
6 2 48 11
8 6 27 86
6 6 86 49
5 4 73 57
2 4 59 14
8 4 23 72
4 2 18 39
4 6 47 100
7 2 4 11
3 2 86 38
4 2 27 60
1 2 4 2
8 6 63 33
1 2 9 36
1 19 52 22
8 2 77 11
2 6 87 51
8 2 42 97
7 4 63 46
3 2 20 79
1 6 24 52
2 3 19 6
6 2 66 67
6 3 19 26
6 2 76 20
3 2 36 58
6 8 40 51
6 5 41 76
8 2 74 2
4 2 68 20
3 6 86 61
8 2 17 30
5 8 45 97
4 4 72 10
1 2 59 80
5 4 16 3
3 2 41 87
5 6 35 64
2 6 37 18
3 2 73 11
3 2 16 45
8 4 26 25
5 3 60 57
8 2 4 65
8 6 36 21
1 2 85 77
6 2 5 4
3 2 25 42
4 3 37 70
3 2 68 59
3 4 24 74
