7321
147
7 11 2 23
4 4 9 21
6 26 2 25
7 9 15 1
1 27 15 7
5 73 8 3
5 2 14 6
7 4 2 28
3 4 1 8
2 3 8 16
6 4 16 29
2 8 1 6
6 3 16 20
7 2 1 9
7 4 15 18
2 3 10 19
2 3 10 11
1 6 19 25
4 3 23 18
4 2 9 3
1 4 23 13
6 3 21 15
7 2 8 6
7 5 15 2
3 2 26 18
4 3 8 19
2 3 22 15
8 3 11 6
3 4 19 5
8 5 20 5
8 2 12 25
6 2 14 28
1 2 23 16
5 5 22 12
5 2 9 11
3 6 22 12
7 2 14 13
5 2 14 28
1 2 11 10
3 3 6 25
7 2 8 4
7 7 18 12
7 2 17 25
5 2 21 6
5 5 15 23
8 3 24 2
2 3 3 7
3 3 14 13
8 2 20 19
6 4 13 12
2 3 21 6
4 3 10 30
4 3 22 9
8 4 13 13
3 2 14 20
8 2 16 8
1 2 17 16
8 3 10 20
7 2 9 29
6 4 17 23
4 2 13 18
2 5 12 21
3 3 15 20
8 3 8 1
2 2 8 1
6 3 14 1
4 2 22 11
8 2 6 4
7 3 5 11
2 2 14 28
4 2 17 15
3 5 5 10
3 2 5 26
2 2 12 11
1 3 6 6
1 2 9 25
1 3 11 26
6 5 6 5
2 2 18 9
8 3 7 5
3 3 6 4
7 2 11 21
3 3 7 18
1 4 14 5
4 2 14 5
1 3 6 19
5 2 7 2
5 4 11 21
8 2 17 15
4 4 10 18
1 3 9 20
7 2 10 28
4 2 12 11
3 2 3 10
4 3 5 12
6 5 14 23
7 3 7 20
3 2 10 8
5 2 9 23
2 2 3 28
6 2 7 13
6 5 17 6
3 3 14 4
8 3 6 21
8 2 14 1
8 3 15 5
2 3 14 18
2 3 13 2
6 2 10 15
8 3 4 10
1 3 8 13
6 2 6 18
2 3 10 18
3 2 12 1
3 2 11 8
5 2 7 10
8 2 7 13
6 3 14 2
1 3 12 8
7 3 10 8
7 2 12 23
5 2 8 10
2 2 7 21
4 2 9 17
2 2 13 4
6 2 9 8
7 2 13 3
6 3 10 14
4 3 9 7
6 3 16 12
1 4 12 20
5 2 7 26
5 2 11 15
8 2 14 12
8 2 1 10
3 2 5 11
8 3 10 27
6 2 6 9
7 2 13 14
8 2 7 10
7 2 3 28
6 3 12 13
5 3 12 3
5 3 5 13
3 2 7 21
5 2 11 19
3 4 10 12
