1268
113
7 2 18 66
2 2 42 8
7 2 19 13
7 7 63 31
7 3 49 43
7 5 7 37
3 3 81 37
4 2 36 58
8 3 53 80
1 2 58 50
3 4 24 96
4 8 52 82
4 3 98 3
7 2 68 63
6 2 56 15
5 11 19 19
4 7 88 57
6 6 96 40
7 7 88 98
1 3 51 84
5 3 16 90
6 2 35 40
7 4 58 9
1 5 34 66
5 2 50 66
5 3 32 82
3 3 64 69
8 6 59 52
7 4 25 46
4 5 66 42
1 3 18 16
6 3 16 29
1 5 73 52
8 2 14 53
2 2 27 5
1 9 72 27
2 3 2 63
4 2 22 100
6 2 41 12
1 2 88 28
6 3 60 64
2 6 88 61
7 2 63 1
6 3 83 10
5 2 41 8
5 6 94 50
5 4 77 97
5 9 41 77
4 3 46 72
7 2 32 12
1 2 20 99
8 2 3 73
2 2 45 24
6 8 29 47
2 2 64 75
5 4 56 48
6 3 41 97
8 8 54 97
8 5 24 3
2 2 42 15
8 3 45 42
1 2 64 99
4 6 39 56
6 3 37 99
2 3 94 77
7 5 97 21
3 2 63 35
7 2 91 17
7 5 18 48
6 2 58 47
7 5 20 33
4 3 5 84
1 2 11 56
5 5 73 31
7 3 54 46
3 2 66 80
8 8 46 53
4 4 22 91
8 2 18 63
5 2 94 8
5 7 27 73
7 3 84 23
8 4 74 41
4 2 26 3
5 4 81 3
7 2 62 93
3 4 37 42
3 5 23 54
8 6 80 4
6 2 32 8
4 3 17 5
8 3 40 20
7 6 13 85
2 5 92 6
2 3 23 35
6 3 63 57
1 2 8 47
2 2 11 70
7 2 67 36
2 3 50 95
2 6 61 97
8 2 79 31
5 2 39 36
3 3 83 86
7 2 95 63
2 2 62 85
2 4 3 55
1 3 53 65
7 2 17 78
3 9 61 38
5 4 16 96
1 3 90 29
6 3 27 60
