1265366
110
6 2 94 59
6 395 28 68
5 358 20 61
4 402 30 47
7 362 20 85
8 394 2 90
3 353 13 34
6 18 6 49
5 30 25 36
8 17 27 95
2 405 27 25
1 381 4 15
2 45 6 41
2 2 66 3
1 60 4 37
6 2 39 3
2 2 39 8
7 75 8 35
1 2 37 7
2 2 71 71
8 15 19 89
6 80 15 40
5 45 17 81
4 61 16 31
7 30 18 61
1 15 21 67
8 15 3 56
7 2 52 20
5 27 21 61
3 98 6 18
4 2 56 74
6 62 21 85
4 32 22 8
4 15 4 92
3 2 34 17
7 61 16 87
7 45 10 9
6 2 69 3
1 48 17 88
6 60 7 15
3 46 21 2
5 77 9 8
5 30 6 71
6 2 51 60
5 36 1 43
3 2 21 41
8 2 42 41
3 2 33 90
3 45 11 70
8 77 10 43
4 15 11 76
4 32 9 81
8 30 16 63
1 2 50 91
2 46 8 88
6 60 7 59
3 6 51 50
5 2 26 45
7 15 23 21
3 2 31 54
2 60 11 71
3 2 12 89
8 49 5 12
4 2 37 54
3 31 20 56
6 2 54 51
4 45 2 71
1 35 13 20
4 25 3 49
8 2 11 62
4 2 28 54
4 30 7 2
3 60 2 50
2 21 13 30
8 47 11 18
2 37 10 21
7 2 26 39
6 18 24 65
8 36 5 80
1 17 5 82
4 31 15 56
4 3 41 46
4 2 14 49
5 15 8 97
2 30 7 4
2 15 6 63
1 31 8 46
2 30 19 97
6 2 28 28
6 2 32 7
2 5 45 32
7 20 21 65
7 2 10 8
4 30 7 97
6 2 23 31
6 5 10 100
1 30 2 62
8 2 28 62
1 30 15 99
3 2 21 17
2 18 14 53
6 2 44 100
3 2 23 30
7 2 12 35
6 3 40 91
5 2 16 6
7 15 14 92
6 15 1 27
6 2 22 52
1 30 5 72
