1152
107
7 3 77 59
1 4 65 8
8 2 76 96
6 8 20 20
7 6 51 60
2 3 17 35
4 2 49 43
7 3 60 86
4 3 26 67
3 2 72 95
3 6 89 24
4 2 81 52
7 3 19 24
7 2 90 49
5 4 3 44
8 8 53 85
6 2 56 50
2 5 87 50
1 2 87 60
2 4 71 97
7 2 37 10
4 4 71 12
4 9 53 73
3 5 31 76
6 4 30 98
3 2 84 76
5 3 60 86
8 4 63 91
8 2 27 94
2 7 30 82
1 3 94 39
1 2 46 21
7 3 48 6
6 2 28 77
2 7 49 24
2 2 54 38
5 2 15 58
1 3 61 98
1 2 41 33
4 8 53 95
6 6 9 40
1 2 8 62
6 2 90 21
6 2 46 54
2 3 9 65
3 6 16 57
5 7 22 57
8 2 86 58
5 5 49 85
4 4 58 59
1 3 37 71
5 2 83 13
6 4 14 71
5 2 23 25
1 3 46 74
8 2 63 54
5 2 2 50
2 6 18 22
1 3 38 22
4 2 41 87
3 5 68 2
3 5 82 23
7 3 79 85
2 2 97 35
4 6 89 12
4 2 60 4
4 5 59 15
3 2 75 90
2 2 61 60
5 6 51 71
4 4 54 31
3 2 66 24
7 6 54 39
4 4 63 67
4 4 35 46
7 6 32 73
2 2 41 84
1 2 94 16
5 4 57 11
1 2 45 95
2 2 52 93
5 2 83 45
8 8 44 45
2 2 9 94
5 3 83 39
6 2 27 96
1 5 15 69
4 4 65 69
4 7 65 80
6 2 32 27
2 2 66 75
4 2 55 37
3 3 11 81
6 4 69 59
3 9 73 78
5 3 76 86
1 3 59 23
6 7 55 34
7 2 85 91
4 2 55 87
3 4 42 98
7 4 48 23
8 4 93 66
7 7 65 43
2 2 88 26
3 3 15 3
1 3 75 17
