756355
109
8 68 43 66
1 141 97 91
5 58 67 21
8 58 32 64
2 252 67 26
8 548 77 4
8 39 58 90
4 104 36 29
8 3 96 61
8 9 45 22
3 206 87 10
5 232 26 91
4 5 57 71
4 51 76 78
3 2 70 29
7 74 66 49
1 51 16 49
7 270 24 49
4 116 36 89
5 185 18 6
8 46 5 80
4 134 22 3
2 3 49 84
6 78 14 31
7 56 45 37
5 47 67 71
8 18 73 65
8 110 63 58
1 60 41 60
4 39 48 77
5 32 80 36
5 3 43 3
4 96 31 62
3 44 4 1
7 14 74 47
8 75 25 45
2 45 31 99
5 4 39 47
7 55 28 28
4 29 51 71
1 64 6 23
5 52 5 61
1 2 29 27
3 7 39 20
1 7 45 70
7 52 27 5
7 47 36 78
6 49 19 99
5 9 66 26
2 4 59 18
2 12 56 14
6 2 31 54
3 47 14 38
2 73 10 96
6 10 48 71
7 30 13 20
8 40 18 86
2 5 43 58
1 26 24 60
5 58 5 40
8 3 37 60
4 45 5 30
4 6 34 63
6 43 15 78
3 4 61 3
2 48 9 67
7 2 3 11
3 2 30 22
3 4 9 90
8 7 61 8
8 50 3 69
2 42 33 65
2 34 4 27
2 22 15 85
2 4 13 12
6 8 3 60
5 7 31 1
4 54 23 72
6 4 32 55
6 2 17 3
1 25 43 4
4 41 10 85
7 2 25 71
5 47 41 10
1 4 62 9
4 8 43 32
7 2 23 46
6 32 25 37
8 2 40 54
7 38 12 87
2 3 7 46
6 2 47 58
3 19 24 30
1 27 22 78
4 4 11 41
2 37 6 49
1 12 36 10
8 27 50 43
1 2 14 87
5 26 29 35
4 10 52 27
2 2 14 43
5 33 2 71
2 6 29 53
7 2 12 51
5 2 20 78
2 4 33 17
3 2 77 19
7 42 5 100
