13920
76
7 3 44 27
4 3 58 20
1 2 56 20
5 3 19 14
7 91 66 52
3 5 48 46
8 4 12 58
6 2 6 15
3 3 45 11
1 2 39 18
3 3 42 62
6 73 65 8
2 3 42 19
2 3 46 52
8 3 53 13
1 4 7 61
4 7 20 44
8 2 41 18
7 2 22 34
7 3 27 18
5 2 17 23
3 3 31 60
8 2 30 14
8 6 31 9
2 3 26 9
1 7 27 8
2 5 6 33
2 2 35 54
4 3 38 30
7 8 18 26
8 2 45 55
8 2 48 55
4 4 15 28
6 2 45 37
5 7 57 34
7 4 48 1
8 2 59 1
6 4 46 21
8 3 29 62
1 5 13 4
8 3 16 64
3 2 41 3
3 4 7 19
2 2 22 16
7 3 55 1
2 5 63 25
2 3 26 29
7 3 54 56
6 2 18 12
4 2 36 37
8 2 3 4
2 10 49 14
1 3 21 51
5 2 10 49
2 4 1 57
4 2 40 8
2 2 41 34
7 6 36 55
6 2 39 34
3 2 44 49
6 4 41 14
3 3 12 33
6 6 13 4
7 3 52 13
2 2 62 26
5 2 41 25
6 2 45 30
8 7 56 57
8 2 51 51
3 5 43 35
1 2 38 13
4 2 35 19
6 4 48 55
8 2 38 49
3 2 44 23
4 5 12 60
