944
120
5 2 22 2
3 2 23 97
5 2 28 26
3 2 100 38
2 2 71 64
2 4 100 31
1 2 48 82
7 2 98 5
7 2 29 66
2 2 24 20
3 6 99 61
6 2 100 36
1 2 10 58
6 2 36 27
4 4 98 96
4 2 61 12
3 2 41 10
8 6 98 58
7 2 76 62
4 2 90 79
8 2 97 36
7 2 15 89
1 2 22 73
2 8 97 73
3 2 19 81
4 2 61 44
7 6 99 55
6 2 73 79
2 6 97 85
2 2 51 15
2 2 75 96
2 2 92 3
1 2 27 30
2 2 17 39
8 8 97 68
7 4 98 40
5 2 83 53
7 2 87 42
7 2 35 29
6 2 40 91
2 2 58 15
2 6 97 56
5 2 13 14
8 2 47 59
5 2 92 82
2 2 62 76
2 2 13 55
6 6 98 72
5 2 31 37
1 2 75 1
5 2 91 85
7 2 86 86
3 2 92 73
1 8 97 70
6 2 79 87
6 2 1 32
5 6 98 34
3 2 33 29
6 2 10 4
4 6 96 71
1 2 39 65
4 2 52 8
4 2 16 24
5 6 97 66
1 2 70 42
7 4 98 9
1 2 100 51
4 2 91 52
3 2 30 61
8 2 17 68
6 2 90 100
5 6 97 78
5 2 47 90
7 2 37 33
5 2 51 57
5 2 39 5
1 2 82 14
6 6 99 5
2 2 79 3
8 6 97 7
7 2 53 30
6 2 27 8
7 2 68 97
1 8 97 10
8 2 36 20
8 2 35 43
1 2 23 2
6 4 97 35
7 2 7 73
1 8 96 55
6 2 33 67
1 2 49 86
4 2 85 32
8 4 97 21
3 2 28 89
4 8 95 55
7 2 9 97
2 2 23 47
7 2 55 14
5 2 62 86
3 2 16 5
3 8 97 3
1 2 73 42
8 6 94 80
1 2 50 82
1 6 96 20
6 4 94 85
1 2 48 37
5 2 2 17
4 2 46 79
4 2 68 88
6 2 87 71
7 2 78 69
4 8 98 6
4 2 4 55
6 2 55 91
8 2 3 31
6 2 92 96
4 2 11 55
1 8 95 30
