1642952
115
1 236 67 16
1 285 53 19
2 1085 60 2
6 27 14 62
1 566 80 5
5 4 60 54
6 5 25 97
1 5 45 41
6 23 12 53
5 2 11 63
6 2 38 71
6 20 32 79
1 6 30 29
1 10 23 21
4 10 32 28
6 16 43 63
5 3 18 82
5 24 3 92
3 12 5 27
5 4 13 87
5 10 47 67
1 12 11 33
7 21 19 98
7 9 29 75
1 2 43 13
5 4 19 69
5 6 9 91
1 11 49 49
6 27 8 95
2 10 36 26
2 10 48 50
3 3 42 19
2 9 32 38
6 9 10 66
6 23 33 65
2 7 1 33
2 2 6 18
3 2 71 61
2 9 36 46
1 12 25 37
5 8 6 98
5 19 10 56
1 7 12 45
3 4 14 7
5 5 37 68
3 13 9 27
5 4 58 12
7 18 10 56
3 3 57 39
1 4 23 5
3 2 79 19
5 7 40 94
6 15 24 65
6 21 18 70
2 4 6 14
1 2 42 41
5 3 57 70
6 2 1 69
7 25 15 55
4 9 55 59
4 9 16 20
7 17 21 70
3 6 31 23
3 9 31 43
4 2 17 8
7 19 11 86
7 4 16 52
3 12 53 56
1 12 4 21
2 14 20 21
4 4 24 28
7 19 17 77
3 3 1 15
1 12 24 29
7 10 6 93
2 8 35 6
5 10 33 98
6 17 12 77
2 5 10 38
7 4 24 74
8 9 49 27
5 23 16 92
1 13 1 25
3 9 8 23
5 2 17 87
5 2 65 84
2 12 19 50
3 12 12 31
6 18 14 53
1 7 37 1
4 6 25 4
4 4 51 76
5 10 19 64
4 3 55 54
7 19 29 60
7 9 3 95
2 2 16 10
3 2 66 15
6 4 16 75
5 2 17 96
6 20 9 87
4 4 52 96
4 11 35 36
7 2 26 71
7 13 18 91
5 12 35 63
1 2 30 49
6 10 31 92
6 15 11 93
3 3 36 63
2 7 22 42
4 7 43 48
5 16 9 93
4 9 48 90
6 14 18 80
