1627
120
4 1 75 11
3 2 46 22
2 3 41 13
8 6 62 52
4 12 78 22
4 3 45 42
2 1 91 72
7 1 98 54
1 2 38 88
1 8 7 53
3 1 12 78
5 10 13 52
5 6 67 73
8 1 86 23
5 7 81 35
7 7 43 71
7 2 38 1
5 7 9 4
3 3 46 89
8 2 57 97
3 8 35 27
8 6 34 91
5 1 49 49
8 6 58 18
3 1 60 94
4 1 49 14
1 1 18 43
4 8 52 84
3 8 24 27
7 5 54 85
6 3 39 3
7 1 38 20
8 1 37 55
3 1 31 64
4 7 43 7
8 7 41 4
8 1 84 81
7 1 41 80
7 7 57 84
6 1 54 26
8 3 70 64
5 7 7 51
1 3 83 44
8 1 82 71
5 1 66 95
6 1 12 1
6 6 19 57
7 7 39 99
4 3 31 35
7 1 27 17
6 1 68 43
4 6 56 12
6 1 9 81
5 7 23 20
6 1 79 100
5 1 2 24
7 1 53 74
4 2 4 74
7 7 89 11
8 5 69 84
2 1 16 19
2 1 42 70
4 5 26 50
6 1 47 94
6 4 97 95
7 7 15 8
3 4 74 9
3 1 73 66
3 5 65 78
8 6 78 85
8 1 65 13
1 4 95 6
7 1 25 66
5 4 80 14
2 3 71 20
4 5 68 28
7 7 15 52
3 3 14 28
5 3 50 26
1 2 19 32
2 4 45 8
4 6 61 84
7 1 91 51
2 7 79 23
3 2 63 49
3 4 83 46
8 2 50 35
5 1 13 83
5 4 80 46
7 7 50 44
3 6 75 20
5 5 88 91
7 1 13 64
1 5 88 39
4 4 4 9
7 6 11 17
6 1 84 8
1 3 33 51
1 5 55 84
4 2 81 22
8 1 35 84
2 7 45 49
6 1 61 47
1 1 92 62
8 2 64 66
4 1 1 69
1 1 34 74
8 9 90 62
2 1 69 22
1 5 4 52
5 5 13 73
8 1 19 97
7 1 2 40
6 7 58 74
3 1 6 48
7 1 65 72
4 1 1 26
3 1 34 79
1 8 87 29
7 3 90 36
