20408
95
1 2 83 39
1 2 73 31
1 3 99 98
4 2 25 77
7 74 9 21
8 72 7 72
7 3 70 23
1 6 41 50
4 3 56 99
8 24 56 25
7 6 36 88
5 6 68 99
8 2 85 4
4 3 46 80
4 2 55 69
1 3 94 93
6 24 10 22
7 3 82 100
6 3 86 98
5 32 13 23
4 3 39 50
2 2 23 29
1 22 8 9
5 3 35 100
5 3 35 31
4 3 10 98
8 5 41 33
4 2 44 56
8 30 68 13
3 3 21 99
1 2 42 79
7 2 67 84
5 2 14 85
5 2 86 21
8 45 15 26
6 30 15 19
8 3 9 96
1 2 70 72
8 2 63 54
5 30 19 16
1 3 8 99
1 6 19 3
3 4 13 1
6 2 9 33
8 9 76 98
6 4 85 90
4 2 4 90
6 2 82 32
8 28 24 18
1 2 71 41
1 2 38 33
8 4 33 71
5 2 44 61
7 14 28 6
7 3 86 87
8 18 37 42
7 2 92 79
2 3 75 88
3 2 47 86
3 3 32 78
7 30 7 14
2 2 76 94
2 6 77 99
6 12 8 93
5 3 36 82
3 4 88 88
6 11 2 100
8 3 47 30
4 9 37 32
6 2 5 33
2 3 64 47
1 10 78 97
7 2 43 72
8 2 17 79
8 3 12 88
3 10 81 90
2 4 54 70
4 7 17 88
2 2 11 42
8 2 52 83
8 2 65 37
7 5 56 68
4 7 92 53
8 5 35 92
8 2 40 2
6 2 45 7
5 3 82 67
7 3 65 53
6 4 40 1
7 3 41 3
1 2 38 17
8 12 5 92
7 3 42 68
8 6 78 89
8 3 28 31
