1382
112
5 2 88 77
7 5 85 67
5 2 84 54
5 3 24 48
2 5 11 33
7 4 85 64
7 3 70 78
1 2 52 51
8 2 59 8
5 3 66 9
3 3 99 96
2 7 85 68
2 2 39 93
7 3 40 43
1 7 56 14
6 8 92 81
3 3 95 87
3 5 99 74
7 3 50 72
2 2 55 32
6 3 3 14
5 3 40 76
4 5 8 38
2 10 40 84
6 7 55 77
2 2 38 4
4 3 16 21
6 8 32 41
8 2 54 3
7 2 46 98
7 7 87 54
6 2 86 84
5 5 36 74
5 7 24 2
6 3 42 88
3 2 93 46
7 2 32 5
4 2 57 72
2 4 10 66
4 8 4 93
3 2 49 96
1 7 78 65
6 4 3 79
8 2 61 95
2 2 41 31
1 6 3 56
7 4 3 22
7 2 49 98
6 9 18 87
4 6 79 91
7 3 9 98
4 3 53 24
8 4 5 82
4 2 21 65
6 4 28 61
7 8 55 44
8 6 50 88
4 4 39 42
5 3 100 20
7 4 37 93
3 2 37 15
3 2 53 57
2 2 49 38
5 7 14 49
8 2 93 10
2 2 98 7
8 4 1 85
5 3 67 80
5 2 65 78
3 10 98 23
2 2 19 100
8 3 25 77
8 3 2 21
2 7 54 94
6 3 5 17
2 4 31 73
6 2 33 92
5 4 93 41
5 2 2 54
7 2 5 97
8 2 99 1
3 7 64 91
8 2 14 25
4 3 73 4
3 4 88 85
4 2 64 68
4 6 75 22
1 5 28 72
4 2 64 62
6 3 40 43
2 3 48 97
8 2 13 44
5 8 51 95
3 3 75 83
5 2 55 41
3 2 55 22
4 4 31 68
1 7 34 72
1 3 96 36
5 5 10 63
3 2 88 30
3 3 18 25
1 2 92 82
2 2 57 10
7 5 26 56
7 4 39 19
7 2 38 25
3 3 12 34
2 2 92 12
4 8 15 64
5 3 86 28
4 3 81 53
