51204
60
5 2 45 74
5 4 16 128
5 2 17 37
5 156 49 16
5 160 25 12
5 2 9 4
2 3 42 173
6 2 24 74
1 3 14 114
5 3 10 163
6 3 36 42
2 27 20 13
4 3 21 82
1 4 35 12
4 11 19 19
3 8 36 31
2 5 18 171
1 6 41 185
4 3 6 78
4 2 39 110
3 2 17 3
6 5 43 137
6 6 14 44
4 12 15 12
4 2 5 143
4 3 6 82
5 3 34 62
5 4 35 190
6 5 36 96
1 10 19 1
1 2 50 152
4 3 26 113
1 2 9 45
2 4 3 140
5 10 15 3
5 8 48 122
4 4 34 129
5 2 25 169
2 5 35 176
3 5 14 125
6 2 47 81
5 12 15 187
6 2 33 19
1 2 17 116
2 2 5 100
5 12 21 74
1 4 2 37
6 4 48 53
2 2 8 70
2 3 23 102
6 9 16 55
3 4 24 161
6 8 25 198
4 9 4 103
1 3 22 152
5 4 11 84
3 2 34 195
2 2 19 39
6 2 41 83
3 8 26 126
