52472
46
8 47 6 130
8 47 5 109
8 47 1 29
8 40 34 121
8 47 2 176
8 40 27 81
6 2 14 97
8 47 1 59
8 40 32 32
8 40 32 173
8 47 6 19
8 40 34 2
8 47 4 136
5 2 22 167
7 2 18 77
7 2 29 158
8 40 27 145
8 47 9 189
8 40 34 22
8 40 32 15
8 47 1 157
8 40 34 115
5 2 24 89
8 40 29 193
6 4 25 79
8 47 9 166
6 2 11 196
8 47 2 49
8 47 4 76
8 40 31 105
8 40 32 155
5 2 31 87
7 2 20 9
6 2 32 146
8 47 2 196
5 2 36 38
7 4 20 96
8 47 2 40
6 2 17 117
6 2 15 168
8 40 32 74
5 2 36 86
8 40 33 94
6 2 31 87
7 2 27 146
8 40 28 135
