23580
96
5 2 37 53
6 28 68 37
8 15 79 16
6 82 15 34
6 47 100 25
6 13 67 90
1 7 15 45
2 25 55 78
6 31 44 76
6 12 92 68
6 37 20 63
2 7 78 26
6 13 60 92
6 10 22 74
6 34 4 96
1 2 46 38
1 14 23 46
6 25 44 48
7 3 43 27
6 16 25 98
6 21 100 14
3 3 87 23
6 29 71 67
4 3 51 12
5 4 22 53
5 2 6 39
2 5 65 60
6 26 28 13
6 29 33 26
4 2 50 55
3 7 66 37
6 30 35 72
5 2 96 40
1 2 60 37
6 29 14 18
2 4 58 46
6 6 96 21
5 5 1 86
6 8 68 26
2 2 88 79
2 4 85 25
6 22 8 58
2 7 59 16
8 2 37 95
8 2 84 28
6 2 82 62
6 26 12 71
6 17 100 7
6 20 27 2
8 3 63 73
6 11 25 37
1 6 12 91
2 2 12 22
6 18 53 34
8 7 32 100
6 3 50 21
8 2 73 12
1 2 40 70
6 21 4 38
1 5 25 79
8 2 60 17
7 2 54 66
1 11 36 58
2 2 76 60
6 15 25 42
2 2 3 38
3 2 44 61
6 3 93 23
2 2 88 28
2 3 24 56
2 8 85 19
6 17 28 98
6 3 40 10
2 5 4 20
3 3 49 35
6 2 18 87
2 7 43 56
6 13 49 26
7 2 63 97
4 5 41 55
6 3 77 45
3 2 23 75
6 14 11 82
6 12 51 5
1 3 11 18
7 3 42 67
1 4 84 29
1 2 86 29
7 8 30 74
2 5 70 63
6 2 46 74
6 6 42 2
2 2 61 88
6 10 40 55
5 2 66 58
2 17 49 40
