1272
104
8 10 59 60
1 5 17 11
1 2 15 72
7 3 65 93
4 2 91 54
1 2 58 34
8 2 94 69
6 6 15 21
6 3 83 42
8 2 33 3
3 7 72 95
7 7 48 73
6 2 2 25
8 5 34 36
8 3 2 93
4 5 33 27
3 5 48 25
1 5 29 34
1 2 50 41
3 4 68 54
3 4 64 1
4 4 68 28
8 8 68 100
6 2 41 42
7 2 43 43
5 5 48 97
2 9 22 9
5 7 67 38
2 3 64 27
4 3 64 65
4 4 21 90
3 5 57 80
8 3 6 21
3 9 87 51
6 4 60 52
4 3 42 2
4 3 5 11
4 9 74 34
1 3 62 52
1 2 88 41
2 8 86 93
7 2 87 50
6 5 42 80
5 6 20 13
3 4 87 32
1 2 60 67
5 3 37 30
6 4 84 6
4 2 27 6
6 2 4 15
7 2 77 7
5 8 76 11
2 4 25 41
2 2 37 94
7 2 61 48
4 2 29 43
7 2 46 40
5 2 32 95
2 7 33 8
7 2 65 34
5 2 86 31
1 2 83 56
2 3 91 63
2 3 75 1
5 2 52 18
7 2 12 64
6 8 80 37
6 2 23 59
7 2 54 35
8 3 50 89
1 2 78 25
6 4 61 43
7 4 17 87
2 2 72 72
7 3 97 75
2 7 18 29
5 3 62 20
6 6 37 60
8 4 97 26
5 3 30 14
4 4 6 23
1 3 22 36
3 2 53 7
4 4 21 44
4 5 74 38
6 4 96 25
3 2 26 16
2 2 15 50
3 2 68 62
2 4 95 42
6 4 2 32
7 2 86 20
8 2 97 25
8 5 32 49
1 3 89 79
7 4 24 71
4 7 59 49
2 3 76 24
7 5 3 78
7 4 55 23
5 8 56 78
3 2 48 15
3 3 83 88
2 4 23 79
