1111
99
2 2 100 92
7 3 101 12
3 2 83 12
1 7 91 3
7 2 5 57
7 6 77 11
7 2 2 9
5 7 57 3
3 2 84 12
8 3 65 17
3 2 38 97
2 5 67 50
4 2 58 28
6 2 41 65
6 4 99 61
8 5 81 27
7 4 5 65
7 6 20 23
7 5 44 90
2 6 27 67
6 2 40 91
3 5 96 94
2 2 11 5
1 7 63 68
5 4 36 5
4 3 3 68
7 3 61 13
6 3 33 16
7 2 92 43
2 4 96 6
8 2 24 4
3 2 39 65
8 4 92 46
6 3 6 34
5 7 5 76
5 2 70 37
2 4 9 70
2 2 64 62
1 4 41 93
4 7 19 81
1 2 7 71
6 4 4 7
5 3 28 55
6 2 95 86
6 2 18 23
2 3 21 11
4 3 90 37
5 13 85 20
7 2 59 45
3 5 59 19
8 3 80 14
7 2 27 24
5 3 78 65
1 5 66 21
8 2 97 55
1 7 88 93
7 2 90 98
7 3 52 10
1 6 44 23
8 5 52 13
3 2 94 14
8 2 64 52
5 2 95 52
7 4 44 65
1 2 46 23
6 8 36 67
4 3 75 56
8 3 87 52
8 5 19 51
1 3 9 35
8 4 76 38
6 2 31 74
3 2 12 56
8 6 46 68
2 2 4 42
2 6 3 5
2 4 7 24
7 3 31 41
4 2 69 51
3 7 84 42
3 4 84 72
1 2 90 50
5 2 81 44
1 5 67 83
8 6 57 42
1 4 89 44
4 4 19 36
3 2 35 44
4 2 1 79
7 2 21 45
5 4 58 33
2 3 39 74
2 8 96 83
5 3 33 11
1 2 91 85
6 8 96 12
6 2 5 84
8 2 35 78
7 3 75 56
