3145
119
7 4 22 2
6 2 4 1
2 7 20 11
3 3 20 13
4 7 2 11
1 22 13 10
8 5 11 4
3 3 11 6
8 4 6 7
3 11 9 3
2 2 6 21
1 15 15 25
6 2 1 10
7 3 12 1
7 4 6 3
4 2 8 2
2 13 6 6
1 14 8 3
8 6 2 13
1 3 5 20
6 3 8 8
5 8 6 24
4 10 4 5
4 12 8 12
6 2 5 3
8 3 13 5
6 5 9 16
5 11 12 16
2 4 16 25
6 12 10 24
4 3 5 20
1 3 8 19
7 8 9 20
2 5 3 18
4 5 15 15
8 17 11 19
7 5 3 22
8 8 10 8
5 2 7 4
7 10 6 23
6 13 8 8
6 8 5 19
5 2 7 1
5 3 4 9
3 5 7 17
5 11 7 10
4 6 3 1
5 9 10 4
1 3 4 16
3 4 4 10
2 4 1 10
8 2 6 23
4 7 4 24
6 8 3 11
4 2 2 1
4 2 7 7
6 2 17 3
1 8 4 6
4 2 8 3
3 5 11 4
6 2 1 6
4 2 5 8
7 3 3 6
1 6 6 7
1 3 12 3
8 5 7 3
1 2 8 8
2 2 7 6
1 6 8 13
1 4 1 10
7 4 3 15
5 7 9 15
8 3 7 11
1 2 3 1
7 3 7 12
6 4 7 1
5 5 2 1
3 3 10 8
1 2 1 20
3 2 6 3
8 2 10 2
1 4 8 10
4 3 7 10
7 6 7 2
3 3 1 18
3 2 2 6
6 3 2 15
4 2 3 16
6 2 5 12
5 5 2 16
7 2 4 17
2 2 2 6
3 2 7 4
6 2 5 1
2 4 2 9
6 4 3 8
7 2 2 9
8 2 4 10
2 2 1 15
8 2 2 19
7 3 1 10
2 6 4 9
3 3 2 16
8 2 2 17
5 2 1 12
4 5 2 16
3 3 5 11
4 2 1 7
5 3 6 2
3 3 4 8
4 2 5 5
7 4 2 15
7 2 4 10
2 3 5 3
3 3 2 10
1 2 4 2
7 3 2 16
2 3 3 6
3 2 1 13
