1190
114
3 2 32 89
1 5 90 66
2 2 62 27
2 8 81 60
5 4 86 18
5 13 13 62
2 3 60 85
5 7 3 16
1 3 59 69
8 2 56 30
3 6 24 26
6 5 74 62
2 2 36 32
4 3 74 51
6 4 14 4
1 6 58 25
3 3 50 86
8 6 20 73
3 2 76 44
6 4 50 88
5 3 63 27
7 6 8 51
2 4 60 94
1 2 3 67
7 2 91 67
4 2 16 14
2 2 65 45
3 4 3 55
2 4 95 69
4 6 88 29
6 4 61 58
8 5 51 42
5 4 90 5
5 5 21 46
7 4 87 41
2 2 54 36
7 7 29 31
8 2 49 37
1 3 1 30
3 3 30 79
7 2 67 47
8 7 36 92
6 2 26 29
5 6 74 14
2 4 51 85
8 4 25 97
6 4 28 57
1 2 51 95
8 2 43 37
1 4 19 4
7 2 7 10
5 2 71 26
2 2 38 3
8 2 7 91
3 2 50 4
7 4 42 20
1 2 81 23
7 2 63 92
5 7 85 82
6 2 88 14
4 2 41 89
1 2 74 52
8 2 93 13
2 5 65 40
4 6 45 58
8 3 58 1
4 3 60 44
2 5 48 2
2 4 88 37
4 5 31 18
8 3 43 92
4 2 57 96
2 3 30 92
3 3 31 99
3 5 5 70
6 4 60 85
6 2 18 60
2 6 90 88
7 3 24 93
8 3 36 11
8 2 49 12
6 3 88 17
6 2 6 90
1 6 68 6
1 3 32 33
3 2 41 61
2 2 89 15
5 7 87 88
8 3 29 63
4 4 74 5
3 4 39 74
7 3 45 39
7 2 14 5
4 3 31 86
6 5 85 92
3 6 84 7
3 4 57 61
5 2 38 27
1 2 25 56
4 2 29 100
1 2 62 18
6 6 61 26
2 2 72 96
5 4 36 96
1 4 22 74
7 2 37 68
8 6 77 94
3 2 16 40
3 3 26 22
8 2 66 92
8 4 86 92
1 7 93 66
5 4 38 36
1 4 68 25
