31953
120
5 3 71 9
4 37 34 42
8 17 70 23
5 4 3 6
2 30 62 93
7 37 2 39
8 3 58 70
3 20 67 93
8 9 25 13
1 2 74 6
2 33 31 31
2 42 54 68
2 28 87 9
6 21 69 12
3 15 66 81
6 5 76 51
2 33 77 43
6 24 68 47
1 11 11 45
1 7 6 26
1 21 8 51
4 34 30 73
7 13 65 45
1 29 67 76
6 23 30 91
3 4 20 97
8 12 56 36
4 4 26 92
5 43 40 57
7 11 56 73
6 18 18 11
7 2 6 6
8 17 64 59
4 23 34 58
8 6 48 17
7 24 21 61
7 2 71 78
4 4 32 73
7 27 36 82
6 3 16 43
5 34 36 81
6 10 86 97
1 13 11 62
6 9 4 41
4 27 40 47
6 8 17 8
5 2 71 84
6 27 57 39
6 5 31 61
1 2 65 26
5 9 81 54
8 3 55 6
8 6 2 57
2 38 15 60
4 15 41 89
1 17 13 64
4 11 68 44
5 18 39 37
1 24 46 19
5 8 64 7
2 4 6 64
8 13 8 57
7 9 51 56
8 19 13 41
6 3 19 26
4 24 35 65
2 2 58 84
6 2 70 48
8 13 11 95
4 17 83 67
6 5 25 77
7 27 2 65
3 10 23 61
2 8 75 32
4 2 45 18
8 10 56 68
7 12 4 62
5 31 75 91
4 6 79 76
1 14 56 33
8 15 61 77
6 9 55 6
4 17 74 11
4 18 37 74
3 2 41 14
3 14 74 14
6 11 8 44
8 3 9 41
8 21 2 49
6 10 49 15
7 15 42 39
2 19 86 33
8 3 3 9
8 3 15 89
8 6 17 76
1 24 50 34
6 5 30 79
6 7 5 48
8 9 1 44
6 6 77 95
3 22 71 45
4 10 75 40
1 11 73 8
4 11 62 31
8 11 49 94
6 9 15 64
1 2 44 30
6 21 33 80
7 2 81 84
7 17 35 95
4 2 70 16
8 18 53 50
8 8 19 70
6 17 16 21
8 5 5 29
8 11 47 82
2 5 35 61
7 17 22 37
3 18 12 100
4 7 60 81
