7424
75
2 12 25 21
4 13 49 74
2 2 67 70
8 2 83 70
7 27 30 109
6 12 12 7
7 9 71 25
7 9 36 8
1 22 41 70
6 2 53 70
7 12 7 39
2 12 2 36
5 12 52 41
5 26 20 87
4 2 57 39
3 11 54 90
2 10 52 45
8 8 13 54
6 11 47 68
2 3 44 70
4 9 22 98
1 2 13 37
5 12 70 75
7 9 62 66
2 12 57 79
6 12 34 8
7 2 43 73
7 19 53 36
8 5 79 104
7 2 38 7
7 12 65 25
1 10 3 72
1 7 78 103
6 2 20 85
7 11 88 100
1 12 15 50
4 13 24 7
2 3 17 51
3 11 4 109
3 15 75 82
7 2 33 4
8 11 61 56
3 17 33 107
3 2 60 3
5 12 77 14
6 2 45 23
7 2 50 65
8 11 31 20
6 11 36 26
7 4 80 20
4 12 9 43
1 9 32 92
5 15 75 23
4 2 59 3
1 12 59 90
1 10 68 91
7 11 69 61
7 2 81 14
2 11 8 35
5 14 9 85
8 12 10 101
3 4 83 35
8 11 10 2
7 11 21 13
4 10 2 69
6 8 7 104
1 2 68 3
1 2 10 89
3 11 63 55
6 11 58 97
2 2 15 105
1 4 32 103
3 13 6 92
4 14 73 33
5 11 39 76
