2406
520
5 2 221 5
4 2 272 7
5 3 327 7
3 5 389 9
3 3 625 7
3 4 500 5
4 2 63 7
5 2 383 7
5 4 521 1
5 2 658 7
4 2 318 5
5 3 973 3
4 4 788 3
5 2 698 5
5 6 19 9
4 2 607 5
5 3 292 5
3 2 413 5
3 2 598 3
5 2 375 9
5 3 941 1
3 5 106 5
5 5 515 3
3 6 554 9
4 2 524 9
3 8 538 7
4 3 307 1
3 2 504 3
5 4 942 3
3 4 662 5
5 3 518 7
4 3 874 7
3 7 492 7
3 2 673 3
3 3 450 3
4 3 397 9
4 2 390 9
5 2 366 5
4 6 622 9
3 2 42 9
5 2 61 7
4 3 401 3
5 2 417 5
5 7 836 5
5 2 926 7
4 3 255 3
5 2 550 7
4 2 206 1
5 5 879 1
3 3 776 1
3 2 460 7
5 4 450 9
4 4 39 7
5 3 891 1
3 2 468 1
5 2 432 9
3 3 637 9
5 2 38 3
3 4 590 5
3 3 102 1
4 5 252 9
5 2 313 9
3 5 782 1
4 4 510 3
3 3 37 1
4 4 346 3
5 3 837 1
5 2 604 7
3 3 799 3
5 5 781 7
3 4 392 3
5 3 556 1
4 2 647 9
5 3 662 9
5 2 661 5
3 2 611 3
3 3 837 1
3 2 571 7
4 4 18 3
4 3 274 3
5 6 654 3
5 2 825 1
3 3 72 7
4 3 460 3
4 4 808 5
3 4 433 3
3 2 36 7
5 2 650 9
4 4 880 5
4 5 84 7
3 2 709 9
5 4 927 1
4 2 704 1
5 3 126 7
3 2 204 1
5 3 694 3
4 5 71 9
5 4 913 3
3 4 868 1
5 2 872 9
5 2 540 7
5 4 455 3
3 2 103 9
3 3 582 5
5 2 254 7
5 2 649 5
3 2 432 5
3 3 16 7
4 3 397 3
4 2 727 7
5 5 336 5
3 3 553 1
3 3 610 7
5 2 170 1
3 3 487 3
5 3 222 3
3 3 163 5
3 6 636 1
3 4 129 3
3 2 269 3
5 3 304 3
5 5 814 5
5 2 882 3
4 2 30 1
4 3 676 9
3 4 647 1
5 2 804 5
5 2 802 1
5 2 678 5
4 4 471 9
5 3 105 3
5 2 116 1
4 2 19 9
3 2 241 3
5 2 493 9
4 2 490 7
4 3 369 7
5 3 319 5
5 3 341 9
4 2 613 9
3 2 471 1
3 3 525 1
5 3 58 5
5 5 657 7
3 3 218 1
4 2 646 7
4 2 628 3
5 3 274 1
3 2 379 3
3 4 260 9
3 2 802 7
3 4 370 9
4 2 662 9
4 2 607 7
3 2 741 3
4 2 89 5
3 2 843 1
5 5 118 3
4 3 96 1
4 2 244 7
5 2 565 3
5 2 326 3
5 2 897 1
5 3 223 7
3 3 699 3
5 2 852 1
3 2 851 5
3 2 106 3
5 3 145 5
5 3 462 7
5 5 897 6
3 2 756 5
4 2 117 3
4 2 95 7
4 2 54 7
3 3 268 9
3 3 228 1
4 4 889 1
4 3 385 1
5 2 429 3
5 2 881 7
5 2 292 1
4 3 397 7
5 3 142 9
3 3 852 3
3 4 342 1
4 3 287 5
3 2 744 9
4 2 574 3
4 5 183 9
3 2 583 7
3 3 789 9
4 2 551 5
4 2 218 1
4 2 404 1
3 4 551 9
3 2 505 9
3 2 404 9
3 4 355 5
5 4 293 9
4 4 793 7
5 2 540 7
5 2 593 1
4 3 836 9
3 2 722 3
5 2 9 7
5 3 137 9
4 2 279 7
4 3 371 7
5 5 648 1
5 3 98 9
4 2 132 9
5 4 485 5
4 2 588 1
3 2 34 9
5 3 733 7
4 2 630 7
3 4 825 3
5 2 718 7
3 2 612 7
3 3 516 3
5 4 314 5
3 2 203 7
5 4 386 9
4 3 541 5
5 3 474 9
5 3 14 5
4 4 360 5
3 3 825 7
4 2 112 9
4 3 711 1
4 5 429 5
4 2 712 7
5 4 714 7
4 3 133 1
3 3 749 1
5 2 534 5
5 4 531 3
5 2 803 3
3 2 708 3
4 2 489 5
5 2 339 9
3 2 848 5
5 3 775 7
3 2 79 9
3 2 726 9
3 2 593 3
5 5 301 1
5 2 456 9
1 3 846 6
1 2 840 7
5 3 524 1
5 2 259 7
4 3 389 7
3 2 335 9
4 2 554 3
5 3 728 9
4 2 300 7
3 4 454 7
3 2 584 3
3 2 470 1
3 3 282 5
3 4 590 7
3 2 177 9
4 5 586 7
4 2 442 9
5 4 240 5
1 2 846 5
4 2 319 9
4 3 68 3
5 3 505 5
3 3 572 5
5 2 141 5
5 3 729 5
3 2 276 9
3 2 194 1
5 2 46 1
5 5 459 7
3 3 431 3
3 4 396 5
4 4 318 1
5 2 764 1
4 4 238 7
5 4 362 5
4 3 305 3
5 2 682 1
5 2 142 3
4 8 369 9
4 2 637 7
4 2 14 7
3 2 533 7
4 5 799 7
2 3 844 6
4 2 401 3
4 3 497 1
3 3 305 1
3 2 771 7
5 3 13 3
3 2 553 5
4 5 737 7
3 3 4 7
5 3 662 3
5 2 88 7
5 2 579 3
4 3 705 3
4 2 705 1
3 2 828 1
3 2 414 1
3 2 108 3
5 2 182 1
5 5 285 9
4 2 571 1
5 2 286 3
2 6 795 7
5 4 354 3
5 3 727 1
4 2 761 7
3 2 276 3
5 2 5 5
4 2 53 3
3 2 759 9
2 2 823 1
1 4 811 3
5 4 136 1
5 2 683 1
3 2 483 9
4 3 422 7
5 3 399 9
5 2 597 7
3 2 59 5
4 2 513 9
5 2 14 3
4 2 357 1
3 2 155 7
5 3 550 3
4 5 466 1
5 3 278 1
4 3 725 3
3 2 396 9
5 2 145 9
3 2 739 3
4 3 279 7
4 3 175 5
5 2 542 7
4 3 201 3
4 2 563 7
3 4 119 9
4 3 327 1
3 4 402 5
5 3 625 1
3 2 156 7
4 2 430 3
4 2 159 5
5 2 776 3
5 2 729 5
4 2 226 7
5 4 408 3
5 2 38 9
3 4 262 9
3 3 90 7
4 4 571 3
4 2 218 9
4 2 504 5
4 3 497 1
3 4 280 9
4 2 772 1
3 2 770 1
5 5 121 7
3 3 625 5
5 5 675 1
4 4 103 9
4 2 564 9
3 3 481 5
3 2 317 5
3 2 18 7
2 2 775 10
5 3 25 3
4 2 420 1
4 3 255 7
4 2 735 7
3 5 350 3
3 3 752 7
4 2 599 1
3 2 546 1
3 3 481 3
2 2 773 10
5 2 384 3
4 2 7 1
5 3 56 1
4 2 603 5
4 2 38 5
4 4 380 9
4 3 61 7
4 4 302 7
4 2 662 3
5 4 94 1
3 3 342 7
4 2 699 9
3 2 252 1
3 2 240 3
4 2 239 3
4 4 13 7
4 3 478 1
5 3 349 7
5 3 354 9
3 5 92 7
4 2 358 7
4 2 17 1
5 2 219 3
4 3 425 3
5 2 161 5
5 2 747 5
4 3 432 1
5 4 166 9
5 3 597 5
3 2 87 9
5 2 175 9
4 3 196 7
3 3 633 1
4 2 566 9
3 3 405 1
4 2 265 3
5 2 220 7
5 5 96 9
3 2 655 1
4 2 359 5
4 3 664 3
5 3 200 9
5 2 449 1
3 2 246 1
5 2 158 1
3 2 314 7
4 2 191 3
3 3 585 5
4 2 369 5
5 2 663 3
5 6 312 5
3 3 351 5
5 2 306 1
3 3 349 1
5 2 763 5
3 2 363 5
1 3 744 2
4 2 321 3
5 2 444 3
5 2 585 5
5 2 449 5
5 2 160 7
5 4 261 5
4 4 39 9
5 2 428 5
5 2 142 5
3 2 470 3
3 2 406 9
1 2 795 8
4 6 230 9
2 2 754 5
3 3 299 9
4 2 125 1
4 3 49 5
4 3 179 1
3 2 434 7
4 4 631 3
3 2 160 3
4 2 426 9
5 3 394 5
3 2 713 9
1 4 733 7
3 2 500 3
4 2 201 9
3 2 707 9
4 2 505 3
4 4 337 9
5 2 169 1
4 4 272 9
5 2 717 1
4 3 65 1
4 2 172 9
5 3 462 5
4 3 4 7
4 4 389 9
3 2 879 8
3 2 37 3
4 2 71 7
1 9 745 2
5 2 96 3
4 2 655 1
5 2 112 9
5 3 454 3
4 4 634 1
4 2 546 1
4 2 284 3
5 3 657 5
5 2 157 9
5 2 588 1
4 4 274 3
5 2 486 1
4 5 481 1
3 4 93 7
3 2 594 1
5 2 165 7
5 4 289 5
4 3 554 7
4 4 312 9
4 3 625 1
4 3 376 1
4 2 272 1
4 4 183 5
3 2 345 9
4 2 683 1
4 3 493 1
4 2 69 9
4 2 497 1
5 3 610 9
3 4 41 5
1 2 717 7
4 2 581 5
3 2 45 7
3 2 557 9
2 4 730 4
