2594
120
2 2 13 24
1 2 41 74
2 2 1 40
6 12 30 76
3 7 94 74
6 6 63 47
5 3 10 68
3 12 88 9
4 2 20 17
2 2 32 31
4 5 20 46
5 9 11 62
4 2 66 41
1 3 67 26
2 3 43 21
5 15 34 39
4 2 22 69
6 4 6 56
4 2 50 28
5 4 86 16
6 8 2 58
6 2 20 90
4 4 61 96
2 8 25 60
6 3 6 82
1 2 12 2
1 6 40 78
2 2 43 8
2 2 14 37
1 10 85 14
5 5 33 70
3 6 54 33
4 2 64 55
4 2 14 25
5 5 43 71
6 12 69 15
1 7 59 5
6 4 91 19
1 2 33 38
1 11 53 29
3 7 12 39
3 5 15 13
1 5 31 43
1 2 82 25
3 3 14 26
1 2 35 11
5 7 47 53
1 4 34 14
5 3 67 57
5 3 32 100
1 5 8 42
5 2 71 95
1 3 47 95
4 9 68 55
1 4 67 91
3 6 95 36
5 7 57 65
3 3 32 53
3 2 66 88
5 11 60 27
6 3 35 79
6 2 74 20
1 5 13 43
2 2 66 31
1 7 89 5
4 4 38 47
4 2 69 46
2 3 92 46
6 3 87 9
5 8 35 17
6 4 23 87
2 8 88 65
6 4 25 46
3 2 72 83
1 4 81 47
6 2 83 58
3 2 92 76
6 13 55 46
6 3 78 14
4 4 65 38
4 4 58 12
1 2 66 7
4 4 26 3
6 6 42 60
5 2 42 49
3 6 66 79
2 3 86 76
3 2 39 94
2 9 5 54
1 7 42 97
1 6 91 28
1 2 23 30
3 4 76 93
3 4 73 81
5 10 23 21
6 5 15 78
1 3 59 100
6 2 67 58
3 3 15 60
4 8 92 56
6 7 53 32
6 5 57 6
4 6 33 37
2 3 16 26
3 3 73 61
2 3 76 9
4 4 48 11
4 7 48 57
2 2 95 33
6 6 7 38
5 5 87 40
2 3 82 82
3 2 58 51
1 9 9 37
4 2 21 3
2 2 16 41
6 5 58 28
1 3 25 24
4 5 28 49
3 6 87 66
