4512
108
2 2 34 12
2 11 26 94
2 3 12 66
4 5 75 92
1 10 38 34
2 11 93 96
3 3 34 88
2 12 57 4
1 2 69 23
2 5 62 38
2 9 18 34
4 12 2 2
2 2 45 83
1 3 5 13
1 4 58 54
1 7 80 43
2 2 29 39
4 16 60 73
4 10 56 45
4 8 83 73
1 2 2 7
3 9 65 74
2 2 5 53
2 11 25 44
2 4 80 45
4 2 86 35
4 2 21 8
2 3 4 28
1 5 77 31
2 10 69 98
3 7 43 17
3 10 42 44
4 2 63 17
1 9 22 87
2 7 54 82
2 11 37 36
3 3 4 27
3 4 74 71
2 2 42 4
4 14 87 1
4 3 29 58
2 4 36 85
2 2 73 97
4 3 78 22
3 14 86 26
1 3 55 64
1 4 35 68
3 17 55 87
3 2 10 74
1 2 73 7
3 4 65 88
4 8 75 78
4 14 46 74
2 9 68 2
2 3 10 51
3 7 85 98
2 6 14 32
1 5 24 82
3 8 83 6
2 10 36 45
2 3 64 27
4 5 24 52
2 10 25 26
2 9 9 64
3 9 30 14
2 4 86 85
4 2 53 6
3 3 38 23
4 10 12 46
1 2 62 33
3 2 8 83
3 7 18 35
3 3 37 32
4 2 46 96
4 2 31 67
1 10 42 23
3 14 84 5
4 6 33 35
2 7 7 6
1 5 96 62
3 3 19 35
4 4 57 18
2 2 52 47
2 13 55 49
2 6 59 44
3 7 5 66
1 8 77 68
1 13 25 42
2 4 74 18
1 8 10 61
2 2 24 32
4 3 73 88
4 4 43 78
2 2 32 19
4 12 22 4
2 8 81 93
4 2 78 63
2 5 2 27
4 2 82 37
2 4 33 2
1 9 87 87
3 10 66 31
4 4 81 41
2 10 63 38
3 7 56 56
4 2 64 64
3 9 12 32
3 6 54 7
