15269
120
2 15 94 33
3 2 68 21
3 24 79 25
4 7 96 97
6 3 71 70
4 25 48 32
1 2 75 10
2 7 50 9
4 4 57 90
5 17 62 48
5 17 34 44
6 13 85 88
5 13 27 71
4 5 46 75
5 26 51 17
2 13 61 70
6 15 52 83
5 18 66 74
6 12 60 66
3 2 5 98
2 3 10 95
7 13 72 39
2 6 53 92
4 28 47 91
5 7 76 78
3 2 64 60
1 2 41 28
4 12 56 39
3 19 92 29
6 22 4 32
6 3 51 70
4 3 68 69
3 30 43 29
3 15 22 77
4 5 18 84
5 12 85 75
5 17 27 90
5 7 75 9
6 19 9 81
6 20 67 4
3 4 7 89
4 15 36 51
3 7 48 12
6 2 11 40
4 9 60 79
7 3 88 4
3 3 89 69
4 25 58 14
6 6 63 94
3 5 3 79
4 17 48 40
6 5 80 50
8 2 32 56
7 20 41 49
6 2 91 7
7 17 22 11
3 14 52 94
8 2 26 33
4 2 19 48
4 18 79 22
7 7 54 24
4 8 85 60
3 14 83 58
5 5 58 78
7 15 68 1
2 16 42 18
4 4 74 57
3 4 19 10
4 11 66 100
3 2 43 48
2 14 33 10
5 16 10 63
4 3 73 48
7 11 63 97
3 19 75 13
6 17 53 24
5 9 50 80
4 10 79 84
3 3 54 39
3 14 53 73
6 5 73 85
3 2 10 43
8 3 76 24
7 12 69 26
3 13 26 48
2 2 51 5
7 5 86 8
3 8 17 88
6 9 31 71
5 16 66 57
5 3 37 72
3 4 29 66
5 13 77 40
3 11 28 89
1 2 76 82
3 15 71 29
6 9 50 25
3 4 56 11
5 9 12 39
5 21 72 92
7 14 30 33
2 17 12 96
4 13 62 75
5 3 66 68
4 2 24 31
6 8 30 68
4 15 62 58
4 3 12 69
6 4 12 47
8 3 43 9
6 5 69 26
5 3 9 10
5 7 53 50
3 14 62 98
5 5 54 83
2 7 40 63
4 8 11 10
5 2 78 21
4 15 13 2
8 16 32 2
