79296
234
4 29 174 8
3 43 133 41
8 3 77 19
6 12 165 8
5 74 129 19
7 59 126 40
4 9 54 47
5 9 110 35
3 28 176 16
4 68 165 47
2 44 105 28
6 55 51 12
8 4 27 18
6 52 77 37
4 43 128 30
7 3 92 11
2 6 26 6
1 68 27 39
2 32 8 6
6 14 54 23
5 30 52 7
1 12 10 7
2 9 63 20
1 57 86 22
1 34 144 31
5 40 33 24
3 4 96 48
1 8 143 21
7 49 102 15
7 16 98 22
4 28 24 45
3 29 38 44
5 24 14 19
6 15 93 6
6 33 63 30
1 25 73 8
3 27 9 12
4 3 68 1
3 16 66 41
5 11 7 32
2 44 85 40
7 18 118 5
8 5 84 8
7 3 112 25
6 6 130 28
6 4 25 36
6 39 80 37
6 22 161 26
5 7 42 16
4 17 92 34
3 8 139 10
4 27 64 25
5 22 113 7
3 26 67 38
6 3 102 18
4 2 155 10
4 5 64 42
2 14 115 4
4 18 149 23
1 47 135 4
8 4 56 29
5 2 3 12
7 3 158 25
4 32 56 16
8 16 97 33
7 24 74 9
2 4 132 30
8 20 131 15
4 35 73 5
8 24 7 31
1 4 144 35
6 9 96 23
4 2 11 38
8 9 142 25
3 8 30 22
2 27 122 35
1 19 68 24
7 23 95 3
4 4 68 37
3 4 133 4
4 13 38 34
3 20 126 35
3 8 51 46
6 36 104 38
5 3 71 10
6 2 109 36
7 3 76 26
4 26 109 12
7 7 72 33
5 34 117 13
1 3 53 2
2 2 21 46
1 7 91 42
4 25 79 22
1 20 42 4
3 15 119 26
1 25 109 30
8 12 91 21
5 3 88 23
8 2 149 11
2 26 66 48
4 15 29 40
6 2 81 23
5 3 85 11
1 2 62 46
3 24 51 34
3 9 77 25
4 23 48 32
5 5 45 22
2 23 94 27
6 3 56 30
2 7 142 34
8 18 88 13
1 6 13 45
1 10 113 19
4 17 48 46
5 3 110 23
4 3 19 44
7 3 150 28
1 29 105 47
2 6 139 41
8 6 29 13
8 18 44 11
5 3 108 22
2 18 26 14
7 12 82 27
6 4 38 1
3 9 112 20
4 19 112 4
2 9 16 27
4 4 9 4
8 15 101 33
4 6 143 43
5 14 57 16
2 2 67 21
3 15 89 33
1 10 16 7
5 18 102 6
1 2 86 46
2 9 98 12
7 8 63 39
6 2 73 1
3 5 67 48
8 19 17 22
4 2 161 29
2 14 122 4
2 10 108 17
2 10 29 50
8 17 41 5
8 15 52 26
2 2 41 12
1 2 142 50
8 2 60 15
2 6 109 2
7 5 59 15
1 2 134 3
8 14 54 5
6 7 22 44
4 2 51 24
7 7 15 48
4 9 56 34
8 21 95 30
1 2 82 47
8 4 29 16
2 13 33 24
4 5 132 31
1 21 113 27
4 5 80 6
7 20 59 28
5 4 32 18
6 3 54 25
7 9 82 7
4 10 87 33
1 18 73 20
3 2 83 36
5 14 99 9
3 9 52 43
6 19 17 26
5 4 98 16
6 3 100 28
7 5 15 5
2 3 80 3
8 14 65 32
8 2 16 49
4 15 66 41
7 8 55 22
4 2 45 39
4 2 86 15
6 18 12 4
5 6 58 5
2 6 38 27
1 12 33 28
8 5 90 43
1 2 75 43
4 6 64 22
3 10 6 33
5 18 57 24
6 9 51 14
2 3 116 31
4 5 49 33
5 6 57 29
4 5 61 24
5 3 12 18
3 18 107 40
6 7 84 23
5 2 43 14
7 15 14 24
8 7 113 36
2 19 82 15
2 5 129 7
5 11 35 16
2 4 21 7
8 3 19 35
4 4 22 33
5 3 24 35
8 13 13 41
3 2 18 6
7 10 49 18
2 18 30 39
7 6 50 50
2 2 66 50
3 14 33 4
4 2 68 9
1 9 78 3
4 3 23 2
2 12 46 14
3 9 16 3
5 15 32 10
3 2 84 1
8 4 54 22
1 6 4 23
8 4 7 44
5 7 69 13
2 16 82 21
