1475
138
3 3 46 49
6 2 85 35
6 6 118 37
7 4 99 9
7 5 9 35
7 5 93 62
2 3 9 28
6 4 29 3
3 3 2 71
5 2 86 7
4 3 95 41
1 7 13 27
1 3 77 5
8 3 76 39
1 3 76 4
3 2 88 27
1 6 72 7
8 5 113 20
7 7 6 41
5 3 23 41
8 2 119 18
3 5 8 29
2 3 18 21
5 4 4 26
3 2 1 52
4 3 24 9
7 2 62 17
3 4 49 63
8 6 56 13
4 6 50 9
8 3 28 19
1 2 67 7
2 3 114 23
5 9 115 22
3 2 63 3
2 4 33 5
6 2 74 14
5 2 95 64
3 2 4 78
4 2 38 16
6 5 46 51
8 7 90 2
1 4 104 9
4 4 16 36
3 3 52 29
3 3 21 16
1 10 78 30
6 4 98 22
7 4 75 49
5 3 38 35
1 3 88 9
8 2 73 13
8 2 76 80
2 2 9 35
5 10 52 30
8 3 61 47
7 2 80 24
1 3 72 63
4 4 44 52
2 4 77 46
6 3 49 19
1 2 21 52
5 6 23 55
7 4 86 47
6 2 61 46
4 2 106 69
7 3 30 41
1 3 75 68
6 9 90 53
4 2 98 10
5 2 92 26
6 2 47 51
7 3 24 56
7 2 23 68
3 7 65 45
4 2 83 58
3 4 43 65
5 5 92 46
8 2 35 48
5 4 13 7
5 3 110 41
5 2 2 5
1 2 46 1
8 3 32 31
1 2 62 79
3 8 66 12
5 3 104 26
7 2 62 16
3 2 3 12
2 4 24 67
2 2 111 3
6 7 37 23
6 2 5 61
3 2 92 50
6 3 106 16
5 3 113 17
8 3 114 73
8 2 75 63
2 2 56 73
6 4 44 17
8 5 20 16
2 4 42 63
5 3 118 24
6 5 24 76
6 3 23 66
7 3 34 47
2 3 64 69
3 3 96 70
3 2 13 25
4 7 25 4
7 4 37 42
6 6 63 13
2 2 97 58
3 3 53 30
4 7 80 67
1 2 101 14
8 2 105 74
4 2 15 77
3 3 82 57
3 4 58 19
8 2 93 42
4 9 96 17
7 7 94 75
6 4 73 21
2 2 9 80
5 2 10 67
5 2 113 6
7 6 2 74
1 5 78 41
2 2 88 60
1 6 98 20
1 6 74 73
6 5 87 34
2 3 53 75
6 4 4 27
1 2 81 47
2 3 101 19
4 5 58 40
